2.7867
2.7867
2.7867
2.14787
3.19894
3.19894
3.19894
3.59695
4.15267
4.15267
6.56099
6.56099
6.56099
6.23868
6.23868
6.23868
6.23868
6.23868
6.23868
6.2725
5.96629
5.96629
5.96629
5.96629
6.15743
5.55391
5.77095
3.83426
2.80233
2.80233
2.80233
4.44458
5.89755
5.59892
6.13234
3.33493
3.39891
3.39891
2.62962
2.23835
2.23835
4.84937
2.10742
2.10742
2.10742
2.10742
3.64186
3.64186
3.64186
3.64186
3.64186
5.19195
5.19195
5.19195
3.15297
3.15297
3.15297
3.15297
3.15297
3.40609
3.40609
2.30398
2.30398
2.30398
4.75171
4.75171
3.69278
3.69278
3.39472
1.63611
1.63611
1.32345
2.66277
3.23093
3.08673
2.47792
5.04969
6.16341
5.71666
3.41431
3.01573
2.62833
2.62833
2.62833
4.88022
8.09109
8.09109
7.09146
7.09146
7.09146
7.09146
7.09146
8.05048
6.49391
6.49391
7.67362
5.92417
4.89453
4.99537
4.99537
4.99537
4.99537
4.05112
4.05112
2.54756
2.54756
2.54756
2.54756
2.54756
2.54756
2.46488
2.46488
2.46488
2.46488
2.46488
2.46488
2.46488
2.81568
2.81568
2.81568
2.81568
2.81568
2.94631
2.94631
2.94631
2.94631
2.94631
3.14753
3.14753
3.14753
4.02695
4.02695
7.00308
7.00308
5.50028
5.50028
5.50028
5.50028
5.2612
5.2612
5.2612
5.2612
4.66977
3.23622
4.57916
4.57916
4.57916
4.57916
4.57916
5.59077
5.59077
5.59077
5.96804
5.96804
5.96804
5.96804
5.96804
5.96804
5.96804
5.96804
5.90328
6.05656
3.05391
2.54707
1.87805
2.74631
3.85481
2.67189
2.67189
2.67189
2.67189
2.67189
2.67189
2.67189
2.67189
2.67189
2.67189
2.67189
2.44866
2.44866
2.44866
2.44866
2.06956
2.06956
2.06956
4.31791
4.31791
4.31791
4.31791
7.20556
7.20556
7.20556
7.20556
7.20556
7.20556
7.14288
6.16069
6.16069
6.199
3.59218
2.38248
2.38248
2.51356
3.27179
3.27179
3.66079
6.08407
7.3501
5.80966
5.80966
4.52639
3.26186
3.40468
3.41701
2.28551
5.4052
1.54041
1.54041
1.54041
1.61341
1.61341
1.61341
1.61341
3.22265
3.22265
3.22265
3.58951
3.03621
3.03621
2.51948
2.51948
4.43637
4.43637
1.8228
2.54205
4.12433
4.12433
4.12433
7.33254
7.33254
7.1205
7.1205
4.56532
4.56532
1.82218
4.74923
7.06408
8.38204
5.73083
5.10277
3.78698
3.78698
3.78698
5.35631
5.92942
5.92942
6.62542
5.95041
5.95041
5.95041
5.95041
6.67831
6.67831
8.15527
8.91008
8.67872
9.01235
9.01235
9.01235
9.48825
9.48825
6.12535
4.29353
4.29353
4.29353
4.69117
4.69117
5.55879
5.55879
5.55879
3.80219
3.80219
3.09807
3.09807
3.09807
5.52431
4.61287
4.81878
4.81878
4.37451
3.04394
3.04394
3.04394
3.04394
3.04394
3.04394
3.04394
3.04394
3.04394
3.04394
3.04394
3.04394
3.04394
3.17448
5.60775
3.58447
5.34768
5.34768
5.96339
6.54209
6.54209
6.54209
6.54209
6.54209
5.70852
5.70852
6.79131
5.52506
4.91258
4.91258
4.91258
4.91258
4.91258
4.91258
5.90433
5.90433
5.90433
5.90433
5.90433
5.90433
6.44475
3.11769
5.0149
4.27174
4.22155
3.36164
2.4948
2.56448
2.30729
2.30729
2.30729
3.12406
3.12406
3.5233
3.5233
5.66936
5.66936
3.86622
3.86622
3.50488
3.50488
4.22307
5.69026
6.4968
4.85657
4.85657
4.85657
5.12888
5.31723
4.68953
4.68953
4.68953
4.68953
3.58669
3.58669
3.58669
6.00386
6.00386
5.62256
5.62256
5.62256
3.62986
5.04114
5.04114
4.57028
4.41658
4.41658
4.41658
4.75299
4.75299
4.9702
5.54324
4.56831
4.56831
5.11907
5.15063
5.15063
3.50966
3.50966
3.50966
3.50966
3.50966
3.50966
3.50966
3.50966
3.50966
4.33413
4.33413
4.47418
2.07213
2.64669
2.64669
5.02613
5.02613
3.7384
4.18433
4.18433
4.18433
4.18433
4.18433
4.18433
3.45204
5.511
5.511
6.09958
6.09958
7.90771
7.90771
6.58551
3.69429
1.3533
1.3533
1.3533
3.04215
0.546771
3.24888
4.66796
4.99636
4.99636
3.09288
3.29828
3.92403
3.92403
4.61703
4.35933
4.19399
3.51979
2.85615
2.85615
4.09909
4.09909
6.16624
9.70677
12.2387
13.3087
13.3087
13.7086
12.4778
11.2943
11.2943
12.6818
12.1016
12.1016
10.8212
10.8212
9.70708
9.70708
7.82167
7.82167
7.82167
7.82167
8.57448
8.57448
8.25151
5.27507
5.99208
5.99208
4.89986
4.89986
6.52636
6.52636
6.5564
6.5564
6.5564
6.26976
7.17811
7.17811
7.17811
5.87209
6.26792
4.57893
3.50544
3.50544
3.50544
3.50544
3.80548
3.11463
3.32452
2.39386
2.54979
3.12375
3.12375
3.12375
3.12375
3.12375
3.12375
3.12375
3.12375
4.0905
3.94235
5.71585
3.8628
3.8628
1.09345
1.09345
3.42756
6.19981
5.86546
5.86546
5.86546
7.38069
7.38069
7.38069
7.38069
8.1567
8.1567
6.63435
6.63435
7.93044
5.71489
5.71489
4.36656
4.55258
4.55258
4.53713
4.53713
6.65943
6.65943
6.65943
6.65943
4.8845
4.8845
3.49809
3.49809
3.49809
3.49809
3.49809
3.49809
2.49951
2.49951
2.49951
2.89024
4.38769
4.38769
7.67162
7.67162
7.67162
3.90259
2.53788
1.59567
1.59567
1.59567
1.59567
1.59567
2.76211
4.4694
3.59639
3.59639
3.59639
3.59639
3.59639
3.5999
4.9163
4.9163
4.0636
3.57245
4.17869
5.84696
5.84696
6.86473
2.79721
2.79721
4.42968
5.44092
5.44092
5.771
3.6145
3.00081
4.77554
4.77554
5.6867
2.59976
2.59976
4.9529
3.09919
1.89733
3.70718
6.76087
3.60006
1.67041
1.67041
1.67041
1.67041
1.67041
1.67041
1.67041
1.67041
1.67041
1.67041
1.56828
1.56828
1.56828
1.56828
1.56828
2.99952
3.00879
4.85758
4.85758
4.85758
3.0089
3.0089
1.95987
2.55963
2.55963
2.55963
2.55963
2.33712
5.31008
6.56447
6.56447
6.56447
4.59828
6.17434
6.54375
6.54375
6.54375
7.45807
7.79749
9.22071
9.22071
9.22071
9.22071
8.185
6.88369
6.88369
8.87109
8.0242
8.0242
6.03673
6.03673
6.03673
6.03673
6.03673
6.66019
6.66019
6.24147
6.24147
6.24147
6.0224
6.0224
6.0224
6.29869
6.29869
6.29869
4.5855
4.5855
4.5855
4.5855
7.3346
8.86006
7.05444
3.89801
6.15131
7.93289
7.93289
6.30283
6.30283
6.30283
6.30283
6.30283
6.30283
6.30283
3.96745
3.96745
1.0819
1.0819
2.20182
1.30909
2.15537
2.15537
2.26428
1.86856
3.19606
3.19606
3.1263
5.37073
5.37073
4.14214
5.57873
5.95644
4.2076
4.2076
4.2076
3.32378
3.74028
3.74028
3.74028
3.74028
3.74028
3.74028
5.72505
5.72505
5.72505
6.3823
5.78647
5.78647
5.78647
7.17409
7.7453
6.43391
6.61824
6.61824
6.16646
4.64661
4.98068
4.98068
5.32236
5.94197
5.15072
2.50996
2.50996
2.34352
2.34352
2.13391
2.13391
2.13391
0.794949
0.794949
3.54752
3.54752
3.54752
4.23898
4.23898
4.70407
4.70407
5.23401
5.60449
5.60449
5.60449
5.60449
4.9466
4.9466
3.56595
3.56595
3.56595
5.33795
5.33795
5.33795
6.64437
6.64437
6.64437
6.49471
6.01487
6.01487
6.01487
7.06666
7.06666
7.06666
6.33145
4.85392
4.85392
4.99271
4.99271
4.99271
5.36285
4.05451
3.25287
2.51546
2.51546
2.51546
2.51546
2.51546
2.51546
2.51546
2.51546
2.25626
0.450363
1.11219
1.11219
1.82814
1.82814
1.82814
1.82814
1.82814
1.82814
1.82814
1.82814
1.82814
1.82814
1.82814
2.43912
2.43912
2.43912
2.43912
3.05236
2.15325
2.04556
4.08626
4.08626
1.17283
5.12103
5.12103
5.12103
5.12103
2.75155
1.69235
2.16998
2.16998
2.16998
2.16998
2.16998
4.33717
4.33717
5.78621
5.78621
7.3681
7.3681
7.59484
7.25991
7.25991
7.25991
8.27566
6.09646
6.09646
6.09646
8.77582
8.77582
6.00347
3.02294
3.02294
4.3613
4.3613
5.91213
5.91213
6.26385
6.26385
7.02765
7.02765
6.50813
6.50813
7.5092
7.5092
7.5092
7.5092
7.83897
9.93416
9.84781
9.37336
9.37336
8.44804
8.44804
8.44804
7.53102
6.82136
4.64687
4.64687
4.64687
4.71737
4.33451
2.86465
2.86465
2.86465
2.86465
3.40133
3.40133
3.40133
3.40133
3.40133
3.40133
3.40133
3.40133
3.40133
3.40133
3.40133
3.40133
3.3393
3.22267
0.933017
0.933017
3.49257
4.49945
4.49945
4.49945
4.49945
1.38226
1.44646
1.44646
1.44646
1.44646
1.44646
1.44646
1.44646
1.44646
1.44646
3.49162
3.49162
3.49162
3.49162
3.49162
3.78329
3.78329
3.78329
3.78329
4.80171
4.80171
4.80171
4.80171
5.80702
8.32561
6.8087
6.8087
7.41415
6.07227
6.07227
3.93825
5.86225
5.18469
5.18469
4.95914
3.28362
1.752
2.73821
2.73821
1.02973
3.43673
4.43774
4.26091
5.58125
4.08415
3.50437
5.37278
5.37278
6.20183
3.62376
3.62376
3.62376
2.27327
2.27327
2.27327
2.27327
3.17989
3.17989
3.17989
3.17989
3.90131
3.90131
3.90131
3.90131
3.90131
3.90131
5.60953
5.60953
5.16482
5.16482
5.16482
3.26441
3.56951
4.90027
2.69876
2.69876
5.09817
5.09817
5.09817
5.10098
3.70539
3.70539
3.70539
3.70539
5.73046
6.88705
4.76098
4.19258
3.82756
3.82756
3.82756
3.82756
4.86809
4.86809
3.36038
3.58927
3.58927
7.36294
9.26709
6.54643
4.2707
4.2707
4.2707
5.74321
7.17017
7.17017
7.17017
6.53839
5.00885
5.00885
2.47794
2.47794
2.47794
0.660092
1.44416
1.44416
3.6793
5.84566
5.84566
6.29456
3.32867
3.32867
2.95204
1.3032
1.3032
1.3032
1.3032
1.52546
1.94568
1.94568
1.94568
1.94568
1.94568
1.94568
1.94568
2.07073
3.2337
5.42138
6.40039
6.40039
6.40039
9.2247
9.2247
9.44518
7.34404
6.42137
6.42137
7.73518
7.739
6.47297
6.47297
6.47297
6.47297
3.68986
3.77152
3.77152
2.89884
2.89884
4.46648
4.11289
3.77665
3.77665
3.77665
4.5797
4.5797
4.43691
3.69483
3.69483
4.64035
4.64035
4.64035
4.64035
4.64035
4.64035
1.82897
1.34431
1.34431
1.34431
1.34431
2.46285
3.99362
3.99362
4.42661
2.87018
3.56325
3.56325
3.56325
3.56325
3.56325
3.56325
0.950449
1.5048
2.43592
3.85633
3.85633
2.61777
2.7682
1.5693
1.5693
3.48385
2.70635
2.70635
2.91399
2.91399
2.91399
2.22219
4.5785
5.36396
5.36396
3.20081
3.20081
4.59487
4.59487
3.02058
2.14575
2.14575
4.50076
4.50076
6.46631
7.55575
6.06024
6.55537
6.55537
7.07597
4.48955
4.48955
3.17747
2.13189
2.13189
4.93388
3.32931
3.32931
5.06067
5.06067
4.65783
4.82508
4.82508
4.54097
4.54097
5.47758
6.38988
6.08151
4.89189
3.7644
3.7644
3.7644
5.40272
5.40272
5.40272
5.40272
5.40272
5.40272
5.0263
6.16526
6.23466
6.23466
3.74769
1.69658
3.6714
4.32639
6.43399
6.38216
6.24998
6.24998
6.24998
6.24998
4.88365
3.12326
2.13826
3.22424
3.22424
2.10824
2.10824
2.10824
2.10824
2.87101
1.57698
3.51299
4.36149
4.61131
4.46864
4.46864
4.46864
4.46864
3.80127
5.99489
5.87431
5.83827
5.83827
6.06204
6.06204
3.66738
3.66738
3.66738
3.66738
3.66738
2.90304
2.90304
3.62647
3.62647
4.30506
4.36914
4.36914
4.36914
4.36914
3.96011
3.60826
3.60826
3.60826
3.60826
3.60826
3.60826
2.78768
1.69198
3.78772
3.78772
3.78772
0.989768
0.989768
0.989768
0.989768
0.989768
1.12096
1.12096
1.12096
1.12096
2.95916
2.95916
2.95916
4.85394
4.34062
4.34062
4.34062
2.09309
2.93599
2.93599
2.93599
2.93599
5.29961
4.38426
4.38426
5.14161
5.14161
5.14161
3.60058
5.12097
7.68712
7.68712
7.68712
7.68712
7.12962
9.37547
6.86507
8.37622
8.37622
8.89346
5.14714
5.14714
6.14204
4.99505
4.99505
4.99505
4.99505
4.99505
4.99505
4.99505
5.61226
5.29334
5.31804
5.31804
5.75328
5.95462
5.70612
6.69845
6.69845
7.90285
7.90285
7.91559
7.87015
7.87015
8.02012
6.2399
6.99548
6.99548
6.99548
6.99548
6.99548
6.99548
6.99548
6.34046
8.41696
10.3785
9.09803
10.659
11.7799
10.025
8.78244
8.78244
7.916
7.916
7.916
7.916
7.916
7.916
7.87568
8.03235
7.00353
7.5365
8.28975
8.67521
7.1914
4.53299
3.96922
4.76337
4.76337
4.76337
4.76337
5.88686
6.88633
6.88633
6.00211
7.56216
7.38173
7.38173
11.5778
10.9319
10.9319
10.9319
10.9319
10.9319
12.503
12.503
12.9705
12.2102
12.5669
12.5669
9.49489
8.29359
7.55436
7.51469
5.83066
6.30871
8.36614
6.86022
6.86022
8.00839
7.72582
7.08542
7.96514
7.16631
6.90059
7.77545
8.18267
8.18267
8.18267
10.2698
10.2698
10.2698
10.2698
7.70435
7.70435
7.70435
9.51944
9.8048
9.8048
9.8048
9.71274
7.88498
7.67259
7.67259
8.82032
6.03671
7.74398
5.40852
5.56829
5.56829
4.34517
5.93601
7.88375
8.54291
8.10755
8.37531
8.37531
8.37531
8.37531
8.37531
10.1188
9.21057
9.21057
9.21057
7.78831
7.84892
8.08632
7.86513
7.86513
7.86513
7.86513
7.86513
7.86513
7.60985
8.19341
10.1117
10.1117
8.88957
8.88957
7.47741
7.32416
5.26148
5.95593
5.95593
5.95593
6.0101
6.0101
6.0101
6.0101
6.0101
6.0101
6.0101
6.0101
6.0101
6.02098
5.87842
7.66048
9.16161
9.16161
9.16161
9.16161
8.5704
6.58179
7.07628
7.07628
7.07628
6.3922
7.62358
5.37123
4.67713
4.67713
2.71478
5.04401
5.04401
7.49716
7.86311
7.92965
6.48911
6.48911
5.11456
5.99076
5.99076
8.25179
5.00236
4.71783
4.38855
4.38855
4.38855
5.25959
5.25959
5.25959
5.40402
5.40402
5.40402
5.07886
5.07886
5.19348
5.19348
3.03864
2.64307
6.30787
6.30787
5.86727
4.32037
4.32037
2.64611
3.82826
3.82826
4.32858
4.32858
4.32858
3.82882
3.82882
3.82882
3.82882
3.82882
4.18433
3.56727
3.56727
2.03251
2.03251
2.03251
2.03251
2.03251
2.03251
2.03251
2.03251
2.03251
2.03251
4.14632
6.04845
6.04845
3.90836
3.90836
3.90836
3.90836
6.22419
6.22419
7.87889
7.87889
9.13987
11.2027
12.6525
12.6525
14.1608
14.1608
11.2524
11.2524
9.28864
9.28864
9.28864
8.42463
6.75451
7.84641
5.89235
7.00832
10.1508
9.11622
8.8624
7.79082
7.77673
7.77673
7.15306
7.15306
6.954
7.81058
8.81211
8.81211
8.81211
10.7856
11.9428
8.97769
9.53757
9.53757
9.53757
8.18234
8.18234
10.4195
9.82939
11.2724
9.29716
11.8887
11.8887
10.4948
10.7073
11.1308
7.04276
6.5763
6.5763
6.90749
6.90749
6.90749
6.90749
6.90749
6.90749
6.90749
5.44875
5.44875
5.44875
6.02698
6.02698
4.18412
3.99962
3.99962
3.99962
4.4193
3.21673
5.81645
6.0834
3.98999
5.25025
5.25025
5.25025
4.01585
4.17312
4.17312
4.17312
4.86413
2.99801
2.99801
2.99801
2.99801
4.49056
6.74925
4.27353
4.27353
2.20582
2.20582
2.20582
2.20582
2.20582
2.20582
2.1408
1.26869
2.8669
2.52765
4.54987
4.54987
4.54987
4.54987
5.82282
5.82282
4.50575
3.29697
2.21974
2.21974
2.86007
2.61529
2.61529
2.61529
2.61529
2.61529
2.97227
2.97227
2.97227
2.97227
4.3744
4.3744
3.0483
3.0483
3.0483
3.0483
3.0483
3.0483
2.10389
2.10389
2.10389
2.10389
1.87745
1.87745
4.14011
4.19566
4.19566
4.19566
4.19566
4.71049
6.18014
6.18014
6.18014
3.28697
1.79186
1.79186
3.07653
3.07653
3.09951
5.0994
2.68613
2.68613
1.87944
1.87944
2.33754
2.33754
4.2038
4.39884
4.39884
3.27276
5.31004
5.31004
5.69629
5.95673
7.00759
7.00759
6.57899
5.70999
4.38458
2.80883
2.80883
2.99055
2.99055
5.61475
4.74291
4.74291
4.74291
6.8088
3.90581
3.90581
3.90581
3.90581
5.71089
5.09357
4.71675
4.71675
4.46711
4.46711
3.61949
3.61949
3.61949
3.61949
3.61949
3.61949
5.43656
5.63597
2.79846
3.77652
3.07985
5.91056
5.91056
5.91056
8.13675
8.34367
8.34367
7.89072
7.48117
7.48117
6.98323
6.98323
6.06321
8.38874
8.0852
9.36488
9.36488
9.36488
9.36488
8.57939
6.12864
4.96004
3.28716
4.52799
3.02311
3.4775
1.68483
1.68483
5.04844
5.04844
5.04844
5.04844
5.04844
5.04844
3.47272
5.35298
5.35298
4.10512
4.10512
4.10512
4.10512
4.10512
5.06786
6.17211
4.88399
1.46775
1.25287
4.22163
4.02363
3.03447
3.03447
3.03447
3.03447
3.03447
3.19221
3.19221
0.792476
0.792476
2.72517
2.72517
2.72517
2.72517
3.13801
4.94829
4.94829
4.94829
4.94829
3.39452
3.39452
3.39452
3.39452
3.39452
4.17703
3.27161
4.65272
7.24323
7.24323
7.24323
7.24323
7.24323
4.78057
4.98284
6.45588
6.45588
6.45588
2.92613
2.32913
3.16318
3.16318
3.16318
3.16318
2.92702
2.92702
2.92702
2.92702
2.92702
2.92702
2.92702
2.92702
4.87008
5.39553
5.39553
2.49387
2.49387
2.49387
5.90233
4.23676
4.23676
4.23676
6.28305
5.93333
5.93333
5.78828
6.85302
7.18812
7.18812
7.33175
7.33175
5.89581
2.74941
2.74941
2.74941
2.74941
2.74941
3.22281
3.22281
3.22281
3.22281
6.49952
6.49952
6.37531
6.37531
6.37531
4.00135
3.48876
3.48876
3.48876
1.27943
3.45653
3.45653
3.45653
5.31869
7.13235
4.53118
3.87245
3.87245
3.87245
3.87245
3.87245
3.87245
3.87245
3.87245
3.87245
3.87245
3.87245
2.07735
3.78316
3.78316
3.78316
3.78316
3.78316
1.72583
3.37194
4.91445
4.91445
4.91445
7.29321
7.29321
7.01527
7.68302
6.84479
8.32584
9.95385
9.95385
11.1795
11.1795
11.1795
9.95245
9.95245
7.55701
7.55701
7.55701
7.48889
4.18141
4.18141
3.22159
3.22159
3.22159
3.22159
6.89786
6.89786
6.89786
6.89786
4.08528
5.22066
5.22066
5.06786
2.89657
2.65367
2.65367
2.65367
2.65367
2.65367
2.65367
2.65367
2.27273
2.27273
2.27273
2.27273
2.27273
2.27273
3.88337
3.88337
3.68678
3.74897
3.74897
3.74897
3.74897
3.51328
3.51328
4.79854
3.60875
3.60875
2.1164
2.78264
2.5132
4.53212
5.54001
3.26467
3.26467
3.26467
2.68239
2.68239
2.20251
2.20251
2.20251
1.53474
1.53474
2.26742
2.26742
2.26742
2.26742
2.80411
2.80411
3.49858
3.49858
3.49858
3.49858
2.08795
2.20656
3.70743
3.70743
3.70743
4.59595
4.33498
4.33498
4.33498
2.32335
2.32335
2.32335
3.42468
3.42468
1.42426
1.42426
3.48235
3.48235
6.27349
6.37295
6.37295
8.14668
8.14668
8.14668
8.0478
8.0478
8.0478
8.0478
7.1214
7.75967
7.22359
7.22359
7.22359
5.70021
6.96308
6.60312
7.35686
6.90265
6.90265
6.90265
8.52741
8.52741
8.52741
9.91292
12.2893
10.4745
9.98068
7.59425
5.28503
5.28503
4.7399
3.22479
3.22479
3.22479
3.22479
2.65121
2.65121
2.65121
4.62031
4.62031
2.61429
2.11308
2.11308
2.11308
2.11308
4.2789
5.31637
4.47972
4.47972
2.03126
1.47515
1.47515
1.47515
3.96868
3.96868
3.96868
3.96868
3.59079
4.74085
4.74085
5.28677
5.28677
5.28677
5.27713
5.27713
5.27713
5.27713
1.5856
1.5856
1.5856
1.5856
1.5856
4.34374
4.34374
3.1367
3.1367
3.1367
4.27548
5.46629
5.46629
4.05115
4.05115
4.05115
4.05115
6.59186
7.12402
7.12402
5.7255
5.7255
5.7255
4.78097
4.78097
4.78097
4.78097
3.94699
3.94699
3.94699
1.76354
1.76354
4.23029
4.23029
6.44747
6.95197
7.15998
7.15998
5.17844
5.06195
5.06195
5.06195
3.64512
3.06991
3.06991
3.92931
3.92931
3.92931
3.92931
3.92931
3.92931
3.92931
5.53036
5.72227
5.175
5.175
2.50288
2.50288
2.50288
2.50288
2.50288
2.50288
3.27311
2.18878
4.06241
3.17857
5.17662
5.17662
5.17662
6.12251
6.12251
6.07321
5.49979
7.33973
7.40987
5.92579
5.15896
5.15896
7.50458
4.20406
6.21246
6.21246
4.53135
4.53135
4.53135
4.52173
4.40386
4.40386
3.96915
3.96915
3.96915
4.09132
4.09132
3.88267
3.88267
1.97713
1.97713
1.75381
5.86904
3.53263
3.53263
2.53255
2.53255
2.53255
2.53255
2.53255
2.53255
5.30459
2.34923
2.34923
2.34923
4.05561
3.74204
2.84354
2.10458
2.10458
2.10458
2.10458
2.10458
2.10458
2.10458
2.10458
2.10458
2.10458
1.84022
1.84022
1.84022
1.52564
1.52564
2.90871
2.90871
2.90871
1.62343
3.0331
3.0331
3.12733
3.12733
3.12733
3.12733
3.12733
3.12733
3.12733
3.87206
4.59853
3.04052
3.04052
0.806286
0.806286
0.806286
0.806286
0.806286
0.806286
2.66145
2.66145
2.66145
4.72339
4.72339
4.72339
1.70541
6.10694
6.10694
6.10694
5.2776
5.26705
5.26705
4.79988
4.79988
3.9447
3.9447
3.9447
5.6256
5.31775
6.21891
6.21891
5.65222
5.29283
5.29283
5.29283
5.14739
5.14739
7.02931
7.02931
3.8578
4.82859
4.82859
2.62916
2.62916
3.60341
3.60341
1.59455
1.59455
3.32691
3.32691
3.32691
3.32691
3.32691
3.76486
4.82168
5.27562
5.27562
5.27562
5.27562
3.56951
6.65937
6.65937
6.65937
5.71604
3.21863
3.21863
3.21863
5.63439
5.21255
3.95607
3.95607
3.95607
3.95607
5.39164
5.39164
5.74408
3.42703
3.48125
3.48125
3.48125
2.52124
2.52124
1.20882
3.19218
2.6631
2.63879
2.63879
2.15639
2.15639
4.8881
4.8881
4.8881
4.8881
4.8881
4.25382
4.25382
4.25382
4.25382
4.25382
5.54186
5.54186
6.53553
9.38212
9.38212
9.38212
9.38212
7.43163
7.38989
3.83547
3.83547
7.33202
7.33202
8.29664
8.29664
5.08246
5.08246
5.08246
5.08246
5.08246
5.08246
5.49687
2.23116
2.23116
1.10926
1.10926
2.53428
2.53428
2.53428
1.77692
1.77692
2.14836
4.39665
4.39665
4.39665
2.54662
2.54662
2.54662
2.54662
2.54662
5.28857
5.28857
5.28857
5.28857
6.393
6.06252
3.0033
1.28739
1.57482
2.23047
3.28097
3.28097
3.28097
3.28097
3.28097
3.28097
3.28097
3.28097
5.23913
5.23913
4.62848
4.62848
6.58841
6.58841
6.43617
3.43802
3.43802
3.43802
3.43802
3.43802
3.80349
3.80349
3.80349
5.00988
5.00988
4.53297
4.53297
4.53297
1.12265
3.93121
3.93121
3.93121
2.3317
2.3317
3.65105
3.65105
3.65105
3.65105
3.65105
4.01041
4.01041
3.46619
3.46619
4.30476
4.30476
4.30476
4.30476
6.30256
6.30256
6.73938
6.18231
6.18231
6.18231
6.18231
5.21355
4.07123
4.6915
4.6915
4.6915
4.14344
4.14344
4.14344
4.14344
4.14344
4.57234
4.57234
2.11494
2.11494
1.84576
1.84576
4.00503
4.00503
4.00503
2.88306
2.88306
2.88306
1.17515
1.17515
1.17515
2.7893
4.29442
3.80537
1.83233
3.08663
3.08663
3.08663
4.79588
4.79588
4.79588
7.37139
7.86852
7.86852
7.86852
7.86852
7.86852
7.86852
9.14035
9.54514
9.54514
10.1003
11.4339
11.4339
10.857
11.1219
11.6358
12.1208
12.1208
12.3065
11.5728
11.5728
12.0891
11.1612
11.1612
11.4174
11.4174
11.4174
13.3151
13.3151
13.3151
13.6395
14.5914
13.6248
11.6434
11.6434
12.2859
12.2859
12.92
11.5035
8.62988
8.92855
6.61931
5.48494
5.48494
5.48494
6.59059
6.59059
6.59059
6.59059
6.66924
6.66924
5.90022
3.1046
3.66532
3.66532
3.66532
3.66532
3.61394
4.40942
4.40942
4.40942
3.66799
3.66799
6.26756
6.26756
7.69905
7.69905
7.79323
7.79323
6.27527
5.96901
5.96901
5.96901
4.44999
3.63259
3.00023
3.00023
3.00023
7.02923
7.31168
5.58713
7.87417
6.00101
6.32733
5.97711
5.97711
5.9824
4.93124
4.93124
3.63263
2.6459
1.02145
3.46192
5.34183
5.34183
7.81074
8.91535
8.91535
6.89002
7.38109
7.50554
7.2313
7.2313
7.2313
7.2313
7.2313
9.35541
9.74761
9.74761
7.4472
7.4472
7.4472
7.4472
7.4472
7.4472
7.03813
4.14978
4.14978
4.04381
4.04381
3.63514
3.94483
3.94483
3.94483
5.90408
3.06381
3.06381
3.06381
3.06381
3.06381
3.06381
2.99009
2.99009
2.99009
2.99009
2.99009
2.99009
2.99009
2.99009
4.27712
2.8634
4.69886
4.69886
4.0602
5.09544
3.9677
3.9677
5.71783
6.40842
6.95151
7.30697
7.30697
6.19121
5.4328
3.90406
3.90406
1.26848
1.26848
2.11459
2.11459
1.97115
1.97115
1.97115
1.97115
1.97115
1.50354
2.75545
2.75545
2.75545
2.21297
1.48011
2.75978
2.75978
2.75978
2.75978
2.75978
2.75978
2.29787
2.29787
2.29787
2.14537
1.77864
1.77864
3.61487
4.72791
4.72791
3.00035
3.00035
3.00035
3.00035
3.00035
3.00035
4.48216
4.48216
4.15502
2.9244
2.9244
4.92896
4.92896
4.92896
4.92896
4.92896
7.63312
7.63312
7.63312
7.63312
6.17324
6.17324
2.85188
3.29961
3.37063
4.31853
2.51157
2.51157
2.51157
2.51157
2.51157
2.51157
2.51157
2.51157
2.51157
4.739
3.82637
3.46391
4.80797
5.53455
5.53455
5.55589
4.99157
3.5527
2.82926
2.82926
3.69024
7.22859
7.90656
7.22178
7.94177
8.34439
10.4412
8.25537
7.95818
8.67789
8.67789
10.2892
10.2892
11.3844
11.0813
11.0524
8.64991
8.64991
6.14196
3.08878
3.08878
4.54649
4.54649
4.54649
6.17405
6.17405
6.17405
6.17405
6.17405
8.45053
8.45053
10.3663
9.54517
7.25795
7.25795
7.55032
7.55032
7.55032
7.55032
6.61831
5.78415
5.78415
5.56659
5.56659
4.96559
3.67644
3.67644
1.78677
1.78677
2.91586
2.16983
2.16983
2.16983
2.16983
2.16983
4.77249
5.01202
5.01202
5.01202
5.01202
7.19772
7.19772
7.19772
7.19772
7.19772
8.49845
8.49845
9.93218
9.93218
10.1602
10.0821
10.0921
7.37962
6.19205
4.32007
5.62293
5.96208
5.96208
5.96208
5.96208
8.53815
9.1873
10.5018
8.61354
8.61354
6.85681
5.09369
1.48914
3.92291
3.92291
3.92291
4.27179
6.12185
6.12185
7.63678
7.61436
6.14535
6.14535
6.14535
2.7497
2.42138
3.67589
3.67589
5.13948
4.53947
4.53947
4.53947
4.8483
4.8483
7.26006
6.74442
4.57783
4.57783
4.74682
4.74682
5.79401
5.53155
5.53155
4.5174
4.5174
1.09388
1.09388
2.42607
2.42607
3.75433
5.2238
4.94747
5.63533
3.97629
3.97629
2.88208
2.88208
2.88208
2.55253
2.25784
2.25784
4.10392
4.10392
5.44549
5.44549
3.73362
4.47223
4.64799
6.39217
4.65964
4.65964
4.65964
3.58135
3.58135
6.98737
6.98737
5.49861
4.42333
4.42333
4.42333
4.94166
6.66359
6.52536
4.65446
4.65446
4.65446
4.65446
2.70274
2.70274
2.70274
3.83839
3.57323
3.57323
4.40352
2.16996
2.16996
2.16996
1.97454
2.56148
1.42233
2.58452
3.80441
3.80441
6.39547
6.39547
6.39547
5.06256
5.06256
5.06256
5.06256
4.35346
4.35346
7.20497
7.20497
9.50967
6.94819
6.94819
6.94819
4.64994
5.96915
5.96915
7.23188
7.44947
7.44947
5.85828
5.85828
4.92541
4.92541
4.46534
4.52671
4.52671
4.52671
3.04723
2.74627
0.873268
0.873268
4.14459
4.14459
4.14459
4.24363
4.24363
4.24363
4.79067
6.24177
6.24177
6.24177
6.73522
7.8552
7.8552
9.51543
9.51543
9.51543
9.51543
9.43419
9.2643
9.2643
7.44833
7.44833
7.44833
6.6195
6.6195
7.19918
5.72192
6.75997
6.75997
5.68768
5.68768
5.68768
5.25302
5.25302
5.54993
5.54993
5.54993
6.9357
6.9357
4.5715
3.95416
3.95416
3.95416
3.95416
4.88104
1.87737
1.87737
2.18867
4.19191
5.09768
5.09768
5.09768
5.0503
5.0503
5.0503
5.0503
2.41556
2.41556
4.90543
6.09828
6.09828
5.96185
5.70056
5.70056
5.30002
3.75121
3.75121
1.88786
1.17852
4.12755
4.12755
4.12755
5.35209
5.35209
5.35209
5.35209
4.24103
2.46208
2.74338
2.74338
2.74338
2.74338
2.74338
2.09143
2.09143
2.09143
4.05081
4.05081
4.05081
4.05081
3.94683
3.94683
3.94683
1.90679
2.02551
2.02551
1.29213
1.29213
1.29213
1.29213
3.63992
3.22121
4.56194
4.56194
5.4484
8.11741
6.01557
4.58821
2.66711
2.66711
2.66711
2.66711
2.66711
2.66711
2.17535
2.98628
2.98628
4.47816
3.86718
6.11742
3.11212
6.28023
6.28023
6.28023
6.28023
6.28023
6.28023
6.28023
6.28023
3.17507
3.17507
3.17507
3.17507
3.17507
0.877994
4.52631
4.52631
4.4962
4.4962
4.4962
6.42686
4.31139
4.31139
4.31139
3.42182
4.62308
6.18997
6.18997
6.18997
6.18997
4.47399
4.47399
4.47399
4.30676
4.30676
4.30676
4.83035
4.83035
4.83035
7.17131
5.77046
4.64884
4.64884
2.13071
3.284
3.284
2.88356
2.88356
5.25742
6.51935
6.04259
5.67864
5.67864
5.67864
7.72604
5.42069
5.61809
4.45183
3.18366
3.77134
3.77134
3.45459
5.12766
5.02822
7.65518
7.65518
7.50049
5.89612
8.34816
8.34816
8.34816
7.63089
9.31289
9.31289
9.25807
9.25807
8.65566
8.65566
8.65566
8.65566
9.2678
8.0446
7.72427
7.178
6.72975
6.08279
4.47168
4.47168
4.47168
4.47168
4.47168
4.47168
4.47168
5.04503
5.04503
5.04503
5.04503
5.04503
5.04503
5.04503
4.35372
4.15529
4.15529
4.15529
4.15529
4.15529
4.5432
4.5432
4.5432
4.5432
4.5432
4.5432
5.90639
9.413
9.62841
7.69045
8.4638
8.4638
6.24643
6.24643
6.24643
6.24643
6.24643
6.24643
6.24643
4.31409
1.7401
1.7087
1.7087
1.7087
1.7087
1.7087
1.7087
1.72841
1.72841
1.89744
1.89744
1.89744
1.89744
1.89744
1.22467
2.52397
4.26511
2.43329
4.38787
4.38787
4.80646
2.62603
4.38773
4.38773
4.38773
4.38773
4.73427
4.73427
4.73427
4.73427
4.73427
4.73427
4.33407
5.04109
6.18622
6.18622
6.18622
6.18622
6.18622
6.18622
3.25601
3.25601
3.25601
3.25601
3.25601
4.834
4.97953
5.40194
5.40194
5.66125
5.2076
5.2076
5.2076
5.2076
4.84695
4.84695
6.63925
5.57487
5.57487
5.57487
5.57487
4.56283
5.26223
4.87741
7.01588
7.01588
6.26863
6.26863
5.53774
5.53774
7.64774
8.0239
7.1069
7.1069
7.1069
6.06866
5.37202
5.37202
5.37202
5.37202
5.37202
5.37202
4.4553
4.4553
5.62574
5.62574
5.12016
5.12016
5.08864
5.08864
5.08864
4.73981
3.3646
3.3646
5.97237
5.97237
7.0281
3.92427
3.92427
3.92427
4.32068
4.32068
4.32068
5.12434
2.84794
2.84794
2.84794
2.84794
0.988019
1.87508
1.87508
2.6094
2.6094
2.21852
2.21852
2.21852
2.21852
2.21852
2.21852
1.78775
5.09805
5.09805
5.09805
5.09805
5.09805
5.09805
4.61752
4.61752
6.64494
7.88584
7.88584
7.88584
6.17138
8.2687
7.22959
7.22959
8.40064
7.1748
5.86516
5.86516
4.81876
4.81876
4.81876
3.37938
3.37938
3.95183
4.72668
6.35437
6.93976
7.25087
7.25087
6.63177
6.63177
4.25241
6.16551
3.5168
3.5168
3.5168
3.5168
3.5168
4.68091
4.68091
4.68091
4.68091
4.68091
5.36755
4.72313
4.72313
2.56285
2.56285
2.56285
2.56285
2.56285
2.56285
2.56285
2.56285
2.52688
2.52688
2.52688
2.52688
2.52688
2.52688
2.52688
2.52688
2.52688
2.52688
2.637
2.637
4.076
4.076
4.076
4.076
5.18243
5.18243
5.53958
5.53958
5.71352
5.71352
4.78474
4.78474
3.89532
3.89532
5.9885
5.9885
5.9885
5.9885
5.9885
5.9885
5.9885
5.9885
2.81979
2.67622
4.32077
4.32077
4.32077
4.32077
4.32077
6.59555
6.57457
5.52634
5.52634
5.52634
6.78122
6.78122
7.67497
7.67497
6.82149
5.07284
6.7059
6.7059
6.7059
6.7059
6.7059
6.7059
6.7059
5.97184
4.30535
4.30535
7.43801
4.95202
4.95202
3.48895
3.70974
3.70974
3.14173
2.24928
2.24928
4.13114
4.6321
4.6321
4.6321
3.85704
3.85704
3.85704
3.85704
3.61548
2.1974
4.5087
7.0905
7.0905
7.0905
8.20689
6.63919
6.63919
5.92867
6.46052
6.46052
6.40891
6.52484
7.94391
9.26671
6.81691
6.91098
5.77826
6.07898
6.29168
6.32127
5.64453
5.64453
4.49298
5.34438
6.29204
6.29204
8.78369
11.4034
11.4034
9.68812
9.68812
8.64051
7.74672
10.3764
10.0959
9.31386
7.04947
7.04947
5.16388
5.16388
4.77352
4.77352
3.00958
3.00958
3.00958
3.00958
3.00958
3.00958
3.00958
4.22027
1.43313
1.43313
1.43313
1.43313
2.37053
5.06692
6.46645
7.2107
7.2107
9.34778
9.34778
9.34778
9.34778
9.34778
9.22091
7.67225
6.73901
5.85787
5.28181
5.28181
5.28181
6.63095
5.79558
4.13526
4.13526
4.13526
4.13526
5.2873
5.2873
5.2873
5.77164
3.45493
4.82458
5.74274
5.74274
4.09633
4.09633
4.09633
4.09633
4.09633
4.09633
4.09633
5.35186
3.45844
3.13063
3.13063
3.69362
3.69362
3.69362
3.69362
3.15005
3.15005
5.69645
5.69645
7.5721
5.42959
5.42959
5.42959
5.42959
5.20091
5.20091
4.78431
6.82037
6.82037
6.82037
7.93435
7.93435
5.62395
5.62395
5.62395
4.91927
4.91927
4.91927
4.91927
6.37534
5.04826
5.04826
5.04826
5.04826
5.04826
5.04826
7.30015
9.26862
11.2289
11.2289
12.4756
11.5127
11.677
11.677
10.8533
10.8533
9.50442
7.11259
5.40397
5.68931
5.68931
5.68931
5.68931
5.07519
5.07519
5.07519
5.07519
2.85177
2.85177
4.90317
4.90317
3.81136
3.81136
4.99869
4.99869
4.62366
4.62366
4.62366
3.45457
3.45457
3.45457
3.45457
7.4773
7.4773
7.4773
5.11667
4.31268
4.31268
4.31268
4.72868
3.82575
4.60895
4.60895
4.60895
4.60895
4.60895
4.22599
6.12067
6.12067
7.61385
7.08032
7.08032
8.26717
8.26717
5.17299
4.17761
4.17761
3.41693
2.03147
1.97467
1.97467
3.86307
4.8542
7.11653
8.65446
7.34865
7.34865
7.87216
7.87216
7.11014
7.11014
7.11014
8.17269
8.9116
10.5373
11.113
11.113
11.113
11.113
11.0563
10.1106
10.2429
10.2429
10.3712
11.3314
11.3314
10.2744
10.2744
9.27583
8.40716
6.80135
6.0969
6.0969
6.66042
3.18895
5.56566
4.29505
4.29505
2.10389
2.10389
2.71753
2.0154
2.0154
2.0154
2.80406
2.80406
2.80406
2.80406
3.84794
1.41261
1.29162
4.38363
4.99522
4.8233
7.28939
7.28939
7.28939
7.28939
4.98418
5.87393
4.45724
4.10615
2.57326
3.22663
4.24152
3.60694
3.60694
3.60694
4.43497
4.43497
4.43497
4.43497
4.43497
3.16867
3.16867
3.16867
3.16867
3.16867
5.15555
3.3978
2.66588
0.605554
3.94323
3.94323
3.81685
3.81685
3.81685
3.81685
4.63528
4.63528
4.63528
4.63528
4.63528
4.63528
3.20549
3.20549
3.20549
3.20549
2.90967
1.03204
1.03204
1.99358
3.17121
3.8387
3.74662
5.11546
5.11546
1.94799
3.66819
3.66819
3.66819
3.66819
3.66819
3.66819
1.7447
1.7447
1.7447
4.05723
4.05723
4.05723
4.05723
3.49538
3.49538
4.22139
4.22139
3.99896
3.98699
3.98699
3.98699
5.61557
8.47531
8.47531
9.57374
10.2498
8.80891
8.80891
9.77157
11.3272
8.51835
8.51835
8.37727
8.90691
8.28394
8.28394
9.44478
8.1679
8.1679
8.1679
8.52829
6.20958
5.64851
3.29314
2.41052
2.41052
2.41052
2.42404
2.813
2.813
3.32041
5.5195
5.5195
5.03273
5.03273
5.03273
5.03273
5.03273
5.03273
5.03273
3.60517
3.60517
0.565669
3.77632
5.64606
5.64606
4.01702
4.01702
2.73791
2.14209
2.14209
2.14209
2.14209
2.90625
2.90625
2.90625
2.90625
2.90625
2.74317
2.53975
3.56354
1.65572
2.70543
4.70328
6.42646
6.31492
4.74756
6.81949
6.81949
6.81949
6.81949
6.23822
6.23822
6.23822
6.23822
7.08505
7.08505
5.60378
5.51063
6.64354
7.97356
7.59074
7.59074
7.59074
7.59074
7.59074
6.17387
6.17387
6.66859
6.66859
6.40441
6.40441
6.15371
3.74558
3.74558
6.3567
6.3567
5.69539
4.26269
4.26269
2.81915
2.81915
2.81915
6.14366
9.30271
9.02151
9.98787
9.98787
9.98787
9.98787
9.98787
13.3279
12.7426
16.7944
16.7944
16.7944
16.7944
15.1284
15.1284
13.1938
13.1938
13.1938
12.3674
12.3674
7.78617
9.15253
9.15253
10.553
13.5639
12.8068
11.8953
11.8953
11.8953
11.8953
12.4777
12.1321
11.5565
9.66523
10.5154
10.2883
8.21868
8.21868
8.33045
8.33045
7.27704
7.27704
6.61486
6.73911
6.73911
6.73911
6.73911
6.73911
5.37042
4.95671
2.71227
2.23791
2.47806
3.69557
3.69557
3.69557
3.69557
3.69557
4.78796
5.30722
5.30722
5.33599
4.32509
4.32509
4.32509
4.32509
2.84464
2.84464
3.21131
3.21131
3.21131
5.4004
6.61932
6.77154
4.31322
4.99334
4.99334
3.29704
3.31271
3.31271
3.31271
3.4474
3.4474
4.32109
4.32109
4.32109
6.00745
6.00745
4.37054
4.37054
5.66111
5.66111
4.96644
6.32052
3.39213
3.39213
3.39213
3.39213
3.39213
3.39213
3.31154
3.31154
3.0424
2.28249
2.28249
2.28249
4.35136
5.06636
5.5377
5.5377
4.5572
4.5572
4.5572
5.12856
5.38748
4.55717
6.69216
7.21293
6.69567
6.69567
7.12755
6.80238
8.30136
6.90053
8.6086
8.6086
10.5875
10.5875
10.699
10.699
9.74983
7.88426
5.88241
4.72838
4.24043
4.24043
4.24043
4.24043
6.83654
7.73633
7.42799
6.00772
5.65143
5.65143
5.65143
5.52518
3.81938
2.25705
2.25705
5.04494
5.04494
5.39301
5.39301
5.39301
5.39301
5.94056
8.12969
8.91524
8.91524
7.45538
5.11661
5.11661
4.44529
4.44529
4.44529
4.44529
4.44529
4.44529
4.44529
4.44529
4.44529
6.31833
6.31833
6.31833
3.82943
3.82943
3.82943
3.82943
3.82943
3.67647
3.67647
3.34868
3.34868
4.49561
4.49561
3.98881
3.98881
4.51366
3.24935
5.00081
6.75872
6.09406
6.09406
6.09406
6.09406
3.34717
3.34717
3.34717
4.95793
5.76073
6.30587
6.30587
4.0433
4.0433
4.0433
4.0433
4.0433
4.0433
4.0433
3.48255
3.52787
3.52787
3.52787
3.52787
1.7045
1.7045
1.7045
1.7045
4.06054
4.06054
4.06054
4.06054
4.06054
5.7763
5.7763
5.7763
5.6238
5.6238
2.87393
2.87393
5.17155
5.89853
5.89853
5.89853
7.46466
8.73122
8.73122
8.73122
11.6685
11.6685
10.9432
11.6254
10.5345
10.5345
10.5345
10.5345
10.5345
10.5345
11.5277
13.822
12.5612
12.5612
12.1907
12.4311
12.8681
12.0108
12.0108
12.0108
12.0108
12.7822
12.7822
13.3917
13.4725
12.8977
10.1606
8.28654
8.28654
8.28654
7.4193
4.66063
3.93992
2.69923
2.69923
2.69923
2.69923
4.78344
4.78344
4.4948
4.4948
3.04172
4.16636
4.16636
4.16636
3.02229
4.12373
3.70573
3.64153
3.64153
3.64153
3.64153
3.01945
3.15623
1.82083
1.82083
2.65776
2.65776
2.65776
3.21216
3.33644
3.33644
3.33644
2.04677
2.04677
2.04677
2.04677
2.04677
4.55548
4.55548
4.55548
4.55548
4.46014
2.76828
2.76828
3.76755
3.76755
3.76755
4.04617
5.55125
5.71907
3.32361
3.45664
3.45664
4.10819
5.08429
5.08429
5.08429
4.38597
4.38597
4.38597
2.32704
2.04473
2.04473
2.51173
3.6272
0.483151
0.483151
4.37166
5.65495
4.96006
5.39823
5.54889
5.54889
5.54889
4.40379
4.40379
5.47595
5.47595
5.47595
5.47595
5.46076
5.46076
5.46076
5.46076
5.46076
5.46076
5.46076
5.46076
5.46971
8.0462
6.83593
8.11568
9.95189
10.3374
10.3374
11.1721
10.0999
7.65778
9.50681
8.43242
6.83636
5.62493
4.76452
4.76452
4.3666
3.78126
3.78126
3.10733
3.10733
3.10733
3.10733
5.69651
5.69651
6.18553
6.18553
6.18553
6.18553
10.5246
8.93344
8.62008
8.62008
8.62008
8.23725
10.3196
10.2099
11.1314
8.28449
10.7322
10.7322
9.04599
9.04599
9.04599
7.38095
7.38095
6.25107
6.25107
5.71881
5.71881
5.71881
5.71881
5.71881
7.39653
7.39653
7.39653
7.30157
6.40438
6.40438
5.07832
5.07832
5.07832
3.70799
2.87987
2.87987
2.87987
2.87987
3.06143
3.06143
3.06143
3.06143
3.06143
3.06143
3.06143
3.06143
3.06143
3.06143
3.06143
3.34579
2.1351
2.00084
2.00084
2.00084
2.00084
2.00084
1.72922
2.53632
2.53632
3.32006
2.74789
2.74789
2.74789
2.74789
4.11079
4.11079
4.11079
3.84073
2.95328
2.95328
2.95328
2.95328
2.95328
5.99286
5.85231
5.85231
5.85231
5.85231
5.85231
6.48455
6.48455
7.33643
7.25837
6.8851
4.36928
2.9981
2.9981
2.9981
2.9981
5.51522
6.83724
6.83724
5.66102
4.49045
5.15067
5.34154
5.34154
5.34154
3.69528
4.11449
4.11449
4.26539
7.628
9.51794
8.61497
8.61497
8.61497
7.83554
6.26536
6.26536
4.00932
4.00932
2.15318
2.15318
2.15318
2.15318
2.15318
2.15318
2.98109
2.98109
2.98109
3.8453
5.43373
5.43373
5.43373
5.43373
7.04392
5.16738
3.71805
5.82127
2.90851
6.90401
3.92038
5.01672
5.01672
5.01672
5.01672
5.01672
5.37046
5.2803
2.23599
4.80173
4.80173
4.80173
4.80173
5.09535
5.09535
5.09535
4.3718
5.82734
5.82734
3.73143
3.73143
3.73143
3.73143
3.09368
3.09368
3.09368
3.09368
2.91785
2.91785
2.91785
5.26278
5.26278
6.20811
9.30412
9.30412
9.09058
8.53455
6.04362
6.04362
6.04362
6.04362
6.80229
6.80229
5.76403
6.31824
5.21596
6.1283
7.64235
8.25987
5.76237
3.33811
3.33811
3.33811
3.33811
3.33811
3.33811
3.33811
4.15973
4.15973
4.15973
4.15973
4.15973
4.15973
5.53473
5.53473
8.47086
8.47086
8.47086
8.47086
8.75949
8.75949
8.00371
8.00371
6.754
6.754
5.63481
3.34621
3.34621
3.34621
3.34621
3.34621
3.34621
2.73328
2.73328
2.73328
2.73328
2.73328
2.73328
2.89226
3.64843
3.64843
3.64843
3.64843
1.17406
1.17406
1.17406
1.17406
1.17406
1.17406
3.35934
3.35934
3.35934
3.35934
3.35934
4.52834
4.52834
3.76691
3.76691
3.76691
3.76691
3.76691
3.76691
3.76691
3.23334
3.23334
3.23334
3.23334
3.25526
3.25526
3.77819
3.77819
3.77819
3.78515
3.43059
1.34359
1.5724
1.5724
2.25308
2.25308
2.25308
2.25308
2.25308
2.25308
2.62296
2.62296
2.62296
2.62296
2.62296
2.62296
2.62296
4.6516
4.6516
5.63148
5.3289
5.3289
5.53975
4.02232
3.6435
3.6435
2.51995
2.51995
1.91068
5.06416
4.76504
3.40185
5.90588
5.90588
6.36694
6.30078
6.30078
6.30078
7.62574
7.62574
7.50766
7.50766
9.43147
9.43147
11.5983
11.8639
11.8639
11.8639
11.8639
10.9351
10.9351
10.9351
10.8472
9.96456
8.47542
8.28216
9.86901
9.86901
11.9809
11.9809
9.52734
9.52734
7.84766
8.28028
7.56228
7.56228
7.56228
6.30188
6.30188
3.52215
3.52215
3.52215
3.52215
4.90981
4.90981
4.90981
4.90981
7.19
5.88248
5.88248
5.88248
4.39125
5.83246
5.59632
5.59632
3.02413
3.02413
3.02413
3.02413
2.82863
2.82863
2.82863
2.82863
2.82863
5.18553
5.18553
4.91015
4.91015
4.91015
4.91015
4.26988
4.87324
5.19668
5.19668
2.82021
2.82021
5.90749
6.82644
6.82644
4.90324
5.4074
2.57294
2.57294
2.57294
2.57294
2.87127
2.21967
2.21967
2.21967
4.09405
3.30732
2.58889
4.29285
3.31292
3.31292
3.31292
3.31292
3.31292
3.31292
3.31292
3.31292
3.31292
3.31292
5.05027
5.74204
5.74204
4.13958
4.13958
4.13958
2.33917
3.003
3.81086
3.81086
3.87848
3.87848
3.87848
3.87848
3.02946
3.02946
4.43789
3.8618
3.8618
3.8618
3.8618
3.8618
3.8618
3.8618
4.64775
4.64775
3.93222
2.95934
3.64919
3.64919
3.05151
2.81758
4.29176
4.29176
2.70747
5.28232
5.36889
5.36889
5.36889
5.36889
5.36889
5.36889
5.36889
5.36889
6.59213
7.52001
5.55454
5.55454
5.55454
5.55454
5.00285
6.4292
5.09416
5.22269
5.22269
5.22269
5.22269
5.22269
5.79009
3.33048
3.33048
3.33048
3.33048
3.33048
3.33048
3.33048
2.98624
2.98624
5.84643
5.84643
7.77886
6.6163
6.89977
5.36235
5.36235
5.78049
5.78049
5.78049
7.64896
7.64896
6.94647
8.01334
8.15383
8.15383
8.5214
8.5214
8.5214
8.72384
8.72384
10.0045
10.9742
10.9742
10.9742
13.9003
13.9003
13.9003
11.8704
10.9653
10.9653
12.6791
12.6973
12.6973
12.9703
14.3979
14.2312
13.4024
13.6157
13.0247
11.2221
12.7054
13.4691
13.0931
13.0931
13.0931
13.0931
13.0753
12.2655
10.7318
10.7318
8.8972
9.76011
9.76011
9.89134
8.18349
8.18349
4.7258
3.89693
6.55577
5.66859
5.66859
3.88842
3.88842
4.12276
4.12276
5.20792
4.69645
4.69645
2.99912
4.71897
4.71897
4.71897
6.43472
7.39061
7.39061
10.259
10.259
10.259
7.9212
7.9212
8.55735
5.28488
3.76408
5.87077
5.87077
5.87077
6.14205
6.14205
6.16314
5.41316
5.41316
5.41316
5.41316
5.41316
5.41316
6.52005
6.52005
6.52005
4.49233
4.49233
5.1642
5.1642
5.1642
5.1642
5.1642
5.1642
5.1642
4.35104
4.35104
5.92554
4.70209
4.70209
4.70209
6.00482
6.00482
4.97908
4.97908
4.97908
7.38571
6.75905
4.64995
3.11713
3.11713
3.11713
3.23541
3.23541
3.4277
3.4277
3.4277
3.4277
4.34394
4.34394
0.592666
3.75804
3.75804
3.75804
3.75804
3.75804
3.75804
3.75804
3.75804
3.75804
2.26104
2.26104
2.26104
3.17302
3.17302
5.60762
5.60762
2.70873
2.70873
2.70873
2.70873
3.16234
5.7134
5.95416
5.95416
5.28401
5.28401
5.28401
6.55875
6.55875
5.90423
4.30129
4.30129
4.30129
2.54171
2.02261
2.02261
2.02261
1.30104
1.30104
4.47308
4.47308
4.47308
4.47308
3.47594
3.47594
4.2588
2.59121
2.59121
4.32249
4.32249
5.43364
3.38997
3.38997
2.23777
3.88803
3.88803
3.64099
5.59961
5.70774
4.44129
5.58494
5.89848
4.7803
4.32936
4.10151
4.10151
4.10151
5.70013
5.70013
4.47143
4.99332
3.10626
3.75535
3.29872
3.29872
3.29872
3.29872
3.29872
3.29872
3.91737
3.91737
3.91737
3.91737
3.91737
2.4178
3.52335
3.52335
2.84304
4.05264
5.87864
5.69002
6.97776
6.4719
6.43782
5.87666
5.87666
7.05924
6.85118
5.68436
6.63607
8.59238
8.59238
8.34641
7.36768
7.36768
7.36768
6.51805
4.10149
4.10149
2.72483
5.45672
5.45672
5.45672
5.45672
5.45672
6.73595
6.73595
7.86709
8.66939
7.11915
8.10864
8.10864
8.29703
8.98318
8.98318
8.98318
8.98318
8.98318
8.98318
7.94228
7.78615
5.15207
4.39012
4.12668
4.06999
4.06999
4.06999
3.89083
2.32074
2.32074
2.32074
2.25376
2.25376
3.35808
3.86764
2.15554
2.15554
4.00421
4.17207
4.17207
3.75692
3.75692
4.30078
2.37265
6.52351
7.31005
6.51363
6.51363
5.41587
5.41587
4.56976
4.56976
6.68426
4.11064
4.11064
4.11064
4.11064
2.70042
2.70042
4.8209
2.94775
2.94775
2.94775
2.94775
2.94775
5.10153
5.10153
5.10153
4.75494
4.59644
3.82741
3.82741
3.82741
3.82741
3.82741
3.82741
3.82741
6.33682
5.90417
5.90417
5.90417
5.90417
7.06499
7.06499
7.06499
7.06499
4.8022
3.02243
2.64257
2.64257
2.64257
2.93304
3.48556
3.87442
1.47956
1.47956
3.91512
5.4861
6.17934
6.17934
8.36436
8.36436
5.68717
5.68717
7.0519
7.0519
7.38869
6.38147
6.38147
6.38147
5.96774
5.96774
5.96774
8.30025
9.60266
7.06632
7.06632
7.21409
7.21409
5.83403
5.83403
5.90213
7.57689
6.21908
6.15595
6.22826
6.22826
4.96374
4.96374
5.45508
5.45508
5.45508
5.45508
3.4846
3.4846
4.86969
4.86969
6.41043
5.34583
4.18365
6.3092
6.3092
4.91589
4.62824
3.07926
3.07926
3.07926
2.76058
1.66048
1.66048
1.66048
1.66048
1.66048
1.66048
1.66048
1.66048
1.66048
3.54193
3.44933
3.26666
3.26666
3.26666
6.55268
6.55268
6.01811
6.01811
4.49667
3.78997
3.78997
3.78997
3.78997
3.78997
3.78997
3.78997
4.4739
4.4739
1.78123
1.78123
1.78123
1.78123
1.78123
1.78123
1.78123
1.78123
1.17663
4.01902
4.01902
1.48794
3.66802
3.66802
3.66802
3.66802
3.66802
3.51888
2.18801
2.18801
2.18801
2.18801
2.14156
3.87768
3.87768
3.87768
6.61549
6.61549
6.61549
6.61549
6.61549
6.61549
6.61549
6.61549
8.45833
7.10228
5.40833
3.58734
3.58734
6.10335
5.98291
5.98291
5.98291
5.14641
7.14604
10.3307
10.3307
10.3307
10.3307
10.3307
6.82286
6.69003
6.69003
6.69003
6.69003
7.14515
9.10893
9.10893
9.10893
8.44787
8.44787
7.08607
7.08607
7.08607
6.4742
3.98435
3.98435
3.98435
3.98435
3.98435
4.55691
4.55691
4.55691
4.55691
4.55691
2.09564
2.09564
2.09564
2.09564
3.93944
3.36579
3.63403
5.33962
5.33962
5.96644
5.96644
5.16306
5.16306
5.16306
5.61153
5.61153
3.27939
3.27939
2.51537
2.51537
2.43712
3.78431
3.78431
3.78431
3.4035
3.4035
3.4035
4.20889
4.20889
4.20889
5.18977
5.18977
5.18977
3.58275
1.81821
2.84906
3.68116
2.69483
2.69483
2.69483
2.69483
2.69483
2.69483
1.92767
1.92767
2.91794
2.91794
2.74771
5.71182
5.71182
5.71182
6.03231
6.03231
6.53308
6.57871
4.95916
3.33471
5.1335
5.1335
5.15555
5.15555
2.98877
5.43164
5.43164
4.72971
4.72971
4.85697
4.85697
4.85697
5.32659
5.07858
5.07858
5.07858
4.906
4.906
4.906
5.26616
3.50679
3.50679
3.50679
3.50679
3.50679
6.06891
6.06891
6.06891
8.60496
8.33737
5.80652
3.89131
3.89131
3.89131
5.6572
5.6572
5.6572
4.69961
4.69961
4.69961
5.16301
5.16301
7.25365
7.25365
7.25365
9.61713
9.61713
9.61713
7.92038
7.59446
6.52612
6.52612
7.21229
6.46347
5.59992
5.59992
4.84259
4.84259
4.3907
4.3907
4.3907
4.3907
1.82553
4.13072
3.54678
3.01326
4.80949
4.80949
4.80949
4.80949
5.91152
5.97314
5.97314
5.97314
5.97314
5.29898
4.82087
4.82087
4.82087
4.82087
3.5908
3.5908
3.67489
3.67489
3.67489
3.67489
3.58647
3.58647
3.58647
3.16304
5.37372
3.02302
5.66377
4.38492
4.38492
4.38492
4.7593
4.7593
4.7593
4.7593
3.63624
3.63624
3.63624
3.63624
3.63624
4.92818
5.50648
5.50648
5.50648
5.50648
5.50648
5.50648
6.34641
6.19234
5.04017
5.04017
5.04017
5.04017
5.04017
7.44946
7.1267
7.1267
7.1267
7.22489
5.5727
5.5727
5.5727
5.5727
3.07785
3.07785
3.15668
2.50401
2.50401
2.50401
2.50401
2.6114
1.64074
1.64074
1.64074
2.55959
2.55959
2.30048
2.30048
2.30048
2.30048
2.30048
2.30048
2.30048
2.30048
2.30048
2.30048
2.30048
2.30048
2.30048
5.61819
6.00924
6.00924
6.00924
6.00924
8.30817
8.82494
6.75237
5.39436
5.39436
5.0442
5.36453
6.39889
5.37793
5.37793
4.13877
4.45538
5.45455
5.45455
5.6231
4.99704
4.99704
4.99704
4.52563
2.90362
3.53923
3.53923
4.8561
4.8561
3.67883
3.67883
3.67883
5.97822
3.2691
2.04957
5.08248
4.39265
7.41648
8.77897
4.57938
4.57938
5.57007
5.57007
6.8776
6.8776
3.70465
4.62272
7.08308
7.08308
7.08308
6.68627
6.68627
6.68627
6.68627
7.59368
7.59368
6.67704
6.05638
3.37566
3.37566
3.37566
3.37566
5.47783
4.31101
5.55736
5.55736
5.55736
6.084
6.084
6.084
3.78538
4.45464
4.45464
4.6951
4.6951
4.6951
6.09169
6.09169
5.67053
7.57647
7.57647
7.57647
4.81191
5.54406
5.38163
5.4375
4.69666
4.69666
6.91886
6.04651
6.04651
4.39808
3.9654
3.9654
3.9654
3.9654
3.9654
6.47116
5.58705
3.80568
3.80568
3.80568
3.80568
3.80568
3.80568
5.47039
5.95257
5.95257
5.99726
5.99726
5.99726
5.99726
5.82529
3.50757
3.50757
6.20228
6.8723
6.8723
6.8723
6.8723
6.8723
6.853
7.03102
7.89184
8.35444
5.34175
5.34175
5.34175
5.34175
5.68078
5.68078
8.30251
8.30251
8.30251
10.2134
10.7042
10.7042
9.94204
9.94204
6.84624
7.99054
6.41762
6.41762
6.41762
3.9853
3.9853
3.61096
5.49984
5.49984
4.68728
2.29929
2.29929
2.29929
3.05811
4.1404
2.18097
2.84851
2.84851
5.30339
5.75253
3.95714
3.95714
2.53758
2.53758
2.46759
2.46759
2.46759
2.46759
2.77789
5.19184
5.19184
5.19184
7.09411
7.09411
7.09411
7.09411
7.09411
7.54234
8.322
8.322
8.322
8.08962
8.08962
7.98992
9.21857
8.9775
7.15375
7.15375
7.15375
8.39424
8.39424
8.25027
8.86025
6.70503
4.94265
4.94265
5.25159
5.25159
3.85929
3.85929
3.85929
3.85929
3.85929
4.7747
4.7747
5.60924
5.60924
4.91444
4.91444
3.86827
1.22909
2.64949
4.95891
4.95891
4.44317
4.44317
4.44317
4.44317
4.44317
3.98243
3.98243
2.52908
2.52908
4.24956
4.24956
4.24956
4.0569
3.89584
3.89584
3.89584
5.91116
6.28464
5.73849
5.73849
5.73849
4.8446
5.63539
5.1995
5.1995
5.1995
5.1995
3.63877
1.8592
3.14929
3.14929
3.77444
3.77444
3.77444
3.77444
3.77444
2.48871
2.48871
2.48871
2.48871
3.60691
3.60691
3.02437
3.02437
5.4945
2.65736
2.65736
3.64434
3.64434
3.64434
5.06777
5.06777
7.93516
7.93516
7.93516
7.93516
8.73336
9.23428
10.6735
11.4852
10.8615
11.9578
10.7665
11.4486
11.4486
11.4628
11.4628
11.2329
9.28015
8.17944
8.17944
8.17944
8.17944
8.17944
6.4376
7.87643
7.87643
7.74881
7.74881
7.74881
7.74881
5.58248
4.34594
4.34594
4.34594
1.48626
4.18162
6.33977
7.00462
9.86922
7.42686
6.1482
6.1482
3.63409
5.31487
4.6793
7.62705
4.02349
4.56593
4.56593
4.56593
5.42867
5.70086
4.85825
3.96664
1.03382
1.03382
2.43331
2.23363
2.23363
4.45673
3.66963
3.66963
3.66963
4.80957
4.80957
4.80957
5.36768
5.36768
7.69409
5.79116
4.5817
4.5817
4.5817
5.6167
5.2678
4.6197
4.6197
4.6197
4.6197
4.6197
4.04786
4.04786
4.04786
4.07774
4.07774
4.07774
4.8634
4.8634
4.8634
4.8634
5.94816
5.94816
3.1246
3.1246
3.1246
3.1246
3.1246
3.1246
3.1246
3.1246
3.05323
3.05323
2.1314
2.99988
2.99988
2.99988
2.83046
4.45593
4.45593
5.89443
5.89443
5.89443
5.14099
5.14099
5.20233
5.20233
4.45515
2.61433
2.88662
2.88662
2.88662
2.88662
2.88662
2.88662
2.88662
2.88662
2.88662
2.88662
2.88662
2.88662
2.88662
2.88662
2.88662
2.88662
2.88662
2.88662
2.88662
2.88662
2.88662
2.88662
2.88662
2.88662
2.88662
4.00055
4.85346
4.85346
6.59783
6.93641
6.31401
6.31401
5.95776
6.0854
4.43945
4.43945
6.08822
4.73504
4.7062
4.7062
4.7062
4.48298
4.48298
6.05457
6.05457
5.15376
5.15376
5.15376
5.15376
5.15376
4.51802
4.51802
2.68218
2.37056
2.79256
2.68879
2.68879
2.68879
2.68879
2.68879
2.68879
2.68879
4.59815
2.3331
2.3331
2.3331
2.3331
2.3331
2.3331
2.3331
2.3331
3.54339
3.54339
3.54339
3.54339
3.54339
5.57984
5.92158
4.8597
3.74108
3.25817
3.25817
6.61597
6.61597
6.61597
6.1989
6.1989
8.97008
7.50662
5.48624
5.48624
5.48624
7.3022
7.63763
7.63763
7.63763
7.22841
7.22841
7.22841
7.22841
7.22841
7.22841
8.17103
8.21899
5.94774
5.54951
5.34523
7.41233
5.53093
5.53093
5.53093
4.38741
4.38741
4.83299
4.83299
5.22171
5.24805
5.24805
2.99368
2.99368
2.99368
3.67171
6.32267
8.59932
7.32893
7.32893
8.5159
8.37877
7.38342
6.6914
6.79402
4.73604
4.73604
6.771
7.8278
7.69349
8.66008
6.09199
6.09199
6.96204
4.18943
4.18943
5.11808
4.82303
4.82303
4.82303
6.78255
6.78255
6.78255
6.78255
5.6511
5.12447
5.12447
5.12447
5.12447
7.44406
5.99913
5.99913
5.53575
4.14033
3.17582
3.17582
4.6859
5.77881
6.45616
6.45616
4.94261
4.94261
4.94261
4.94261
3.31896
3.31896
4.39522
4.39522
4.39522
2.38492
2.38492
3.73364
3.73364
3.73364
5.04124
6.96497
6.96497
4.3518
4.24454
4.1853
4.1853
4.1853
3.4445
3.4445
3.4445
3.45095
3.45095
3.98508
3.98508
4.85191
4.85191
3.47902
3.47902
5.94934
6.70676
4.97405
4.89861
7.03135
5.77917
5.77917
5.77917
3.83641
3.83641
4.52473
4.52473
4.52473
2.2379
1.31365
2.67952
2.67952
4.52739
2.91626
2.91626
2.91626
2.91626
2.91626
2.16492
2.16492
2.16492
5.16258
4.30102
4.30102
4.30102
5.03066
6.69188
6.69188
6.69188
5.26544
4.11144
3.27171
3.27171
6.02526
6.02526
7.88697
7.88697
7.88697
7.88697
11.1706
10.7321
10.7321
11.2256
7.63285
7.63285
8.75678
8.75678
8.75678
9.69134
9.2213
9.2213
6.82817
7.49969
7.49969
7.49969
7.49969
6.37949
7.27509
7.59758
6.87721
6.47293
6.47293
4.2614
3.10227
3.10227
4.01177
4.01177
4.83342
3.62327
4.49878
4.49878
3.5647
3.5647
3.5647
6.30333
6.30333
7.32504
8.39283
8.39283
8.10192
6.88821
6.88821
6.18475
6.18475
6.18475
6.18475
4.95528
2.52174
2.52174
2.52174
2.52174
2.52174
4.73628
4.73628
4.73628
3.46776
5.12786
5.12786
5.12786
5.12786
5.12786
3.85921
3.85921
3.85921
3.85921
5.08274
2.81254
3.6643
6.22184
4.42893
4.42893
4.98433
4.98433
4.24413
4.24413
3.12994
3.12994
3.12994
3.12994
3.12994
5.25149
5.25149
5.25149
5.25149
5.25149
5.25149
4.96265
5.89779
5.31083
6.5515
4.78318
6.28004
7.98298
8.46723
7.62878
8.86362
8.75853
8.75853
8.75853
8.75853
9.90661
8.75093
10.2126
11.3042
9.63714
9.63714
9.63714
9.63714
6.05589
6.05589
6.05589
6.37867
6.37867
6.37867
6.37867
6.39784
6.39784
6.39784
5.98439
5.98439
5.82768
5.82768
5.82768
5.82768
5.95475
6.61299
6.61299
6.66394
6.37517
6.37517
6.37517
6.37517
6.3572
7.22449
7.22449
6.0034
7.92211
7.92211
7.45258
7.45258
7.45258
5.0487
7.55692
7.55692
7.93518
6.70287
8.16126
5.81203
7.49325
7.49325
7.49325
7.49325
3.83748
3.83748
3.83748
4.30894
4.30894
4.30894
4.30894
2.3365
1.75587
1.75587
1.75587
4.271
4.271
4.271
4.271
4.271
4.271
2.94731
2.94731
2.94731
2.94731
2.94731
6.05384
5.0481
5.0481
5.0481
5.0481
4.10694
4.10694
4.10694
3.69692
3.92939
1.55085
2.05998
2.05998
2.05998
2.05998
2.05998
2.05998
2.05998
2.05998
2.05998
2.05998
2.05998
2.05998
3.46631
3.14381
3.14381
3.76001
1.78316
3.1585
5.69706
6.72462
4.76688
4.76688
4.76688
4.76688
5.04122
5.24428
5.24428
7.1592
7.1592
4.31072
4.31072
3.28811
3.28811
3.28811
3.28811
2.84488
4.71113
4.71113
6.19076
6.00899
5.54153
5.54153
5.54153
5.64101
4.91229
5.89357
6.47882
6.47882
4.65452
4.65452
7.27132
7.27132
5.40604
5.40604
7.09792
5.80622
5.80622
9.22538
9.22538
9.22538
9.22538
8.46775
9.08906
9.08906
6.80293
3.89639
3.57637
3.57637
3.57637
3.57637
5.51917
2.99332
2.99332
2.99332
3.87498
3.81342
3.81342
3.81342
3.81342
3.71687
3.9607
3.9607
4.57695
4.57695
1.72974
3.72619
5.31768
5.31768
6.05441
6.05441
6.37832
5.71469
5.71469
5.71469
5.71469
4.49581
7.97672
7.05323
5.36776
5.36776
5.36776
5.36776
5.36776
5.36776
5.36776
5.36776
5.36776
5.38634
5.38634
5.38634
5.38634
5.38634
6.3508
6.68611
6.68611
5.4252
5.4252
6.67237
4.9704
4.9704
4.9704
6.00304
6.65352
6.65352
4.50553
2.42564
2.42564
2.42564
2.42564
2.42564
2.42564
2.42564
5.51479
6.46588
7.74183
4.70452
2.8071
2.42823
2.42823
2.42823
3.12182
3.19053
1.43014
4.5076
4.5076
4.5076
4.5076
4.5076
2.22681
2.22681
2.22681
2.22681
2.22681
2.22681
2.22681
2.22681
4.62395
4.62395
4.62395
2.38487
4.26136
4.26136
2.06065
2.06065
3.36127
3.89144
3.89144
1.92373
1.92373
1.92373
1.92373
1.92373
1.92373
3.3995
2.67535
2.67535
2.67535
2.67535
2.67535
2.67535
2.67535
4.14945
1.56519
1.56519
1.41245
3.30174
4.83499
7.09297
7.09297
5.44523
5.44523
5.44523
5.44523
4.24044
4.26606
3.61075
3.61075
3.61075
1.48156
1.48156
1.48156
1.48156
1.48156
3.36541
4.73882
4.37258
4.37258
4.37258
3.35618
2.105
2.7891
2.7891
4.20391
5.63316
7.69574
7.69574
7.69574
8.75106
8.75106
8.75106
8.75106
9.00547
8.48915
8.48915
8.77619
8.93669
9.22514
10.1434
9.90994
10.3206
8.5811
8.16206
5.71417
5.21875
3.57763
3.57763
3.57763
5.52892
5.52892
5.52892
6.53642
7.10759
5.77911
3.78114
3.78114
1.326
2.20041
2.20041
3.47791
3.47791
3.47791
3.47791
3.47791
3.15038
3.15038
3.15038
1.86066
1.86066
1.86066
2.39401
2.39401
2.39401
2.39401
2.39401
2.39401
4.44864
4.44864
6.325
5.22316
6.49331
9.0085
8.00724
8.00724
8.00724
7.55608
7.55608
6.01964
6.01964
6.01964
8.59259
8.59259
7.49026
6.96163
6.87689
6.87689
6.21357
4.80282
4.80282
3.97846
3.97846
3.19806
3.19806
4.75492
4.75492
4.75492
4.75492
2.90105
3.30606
1.20094
1.20094
4.08996
4.08996
4.41597
5.79446
4.80659
4.80659
4.80659
5.26398
3.31312
3.31312
3.31312
3.31312
4.54884
4.54884
4.54884
4.54884
7.00175
6.03281
6.03281
4.89825
2.91356
2.91356
3.04831
3.04831
3.04831
4.76575
1.96621
3.91254
3.91254
5.20624
6.4832
7.29918
7.29918
6.51074
3.86275
3.81439
3.81439
3.81439
4.4399
4.4399
4.39918
4.39918
2.58329
2.58329
4.79232
4.79232
4.79232
4.79232
4.79232
4.40824
5.39222
6.8988
6.8988
4.02919
4.66285
4.66285
4.66285
4.66285
2.00776
4.39719
2.45114
2.45114
4.26902
4.26902
6.40035
5.06153
4.66762
4.66762
4.66762
4.66762
2.78899
2.78899
2.78899
3.77074
3.77074
6.78901
6.78901
4.74736
4.74736
4.74736
4.74736
4.74736
4.74736
7.28835
7.28835
4.79899
2.883
2.883
2.883
2.883
2.883
2.883
2.10804
2.10804
2.10804
3.78231
5.34405
5.34405
3.66723
3.66723
3.84425
3.84425
4.07985
4.72949
4.72949
4.72949
4.72949
4.31418
4.31418
1.60962
1.80781
2.81655
2.81655
2.81655
2.81655
2.81655
2.81655
2.81655
2.81655
2.81655
2.81655
2.81655
2.81655
4.19734
4.04401
4.04401
4.69401
3.29804
4.77791
1.60517
0.390817
3.92291
3.92291
3.92291
1.415
4.35035
2.13424
5.24835
5.24835
5.24835
5.24835
4.5923
2.58737
4.72981
4.72981
3.97791
3.97791
3.97791
5.02664
5.64603
5.64603
5.64603
4.28697
3.07993
3.07993
3.07993
3.07993
3.07993
3.07993
3.07993
1.33901
4.53864
4.49538
4.49538
3.56092
6.10859
4.14372
5.69479
4.38307
4.38307
4.38307
4.38307
4.56327
2.43626
3.95186
3.84452
3.84452
3.84452
5.06197
5.06197
3.89045
2.43033
2.43033
2.43033
2.43033
2.43033
2.43033
2.43033
2.43033
2.43033
4.05748
6.37171
6.37171
5.73027
2.82676
2.82676
2.88511
4.5539
4.35638
4.35638
4.35638
6.27992
6.27992
4.70524
4.70524
4.70524
3.70086
4.37196
4.75429
6.58015
5.62303
5.62303
5.98397
8.70594
8.70594
7.37499
7.37499
7.37499
7.37499
7.37499
5.1096
3.98177
3.05715
1.25981
4.59547
6.29164
8.4271
8.4271
7.95139
7.95139
7.31767
7.31767
7.31767
8.05935
5.96655
7.07173
7.07173
7.07173
7.30881
7.30881
6.61236
6.68613
6.68613
6.68613
8.48545
8.48545
8.04199
9.39488
9.39488
9.39488
7.956
7.956
9.67816
9.63345
7.64388
7.64388
5.90343
5.90343
5.67888
5.67888
3.98327
4.27549
5.11836
5.11561
5.11561
7.13014
6.09225
6.09225
5.10584
5.10584
3.84351
3.84351
3.84351
3.84351
3.47808
3.47808
3.47808
1.01951
1.01951
1.01951
1.01951
3.8821
3.8821
3.1999
3.1999
3.1999
3.1999
3.1999
3.1999
3.00288
3.00288
3.00288
3.00288
3.00288
3.00288
3.00288
2.32699
2.32699
2.03494
5.33973
5.33973
5.73079
4.69102
4.48582
3.75126
3.75126
4.83824
4.83824
2.58919
4.4308
4.4308
4.4308
4.4308
4.4308
6.33994
5.39195
5.39195
4.62134
6.8497
5.58531
5.58531
5.58531
6.36223
6.36223
7.59718
10.6812
7.54499
7.54499
5.51993
5.51993
5.51993
4.85757
4.70294
4.70294
5.12465
4.69933
4.69933
4.69933
4.69933
4.69933
4.69933
6.18066
6.18066
6.18066
6.18066
5.49111
5.49111
5.16444
4.34852
5.47224
5.96527
6.4214
6.4214
6.4214
6.48067
5.13552
5.13552
5.13552
5.13552
4.73609
3.69167
3.69167
3.69167
2.7428
4.03408
4.03408
5.87581
6.99325
6.04744
6.29975
5.49275
4.48239
3.59703
3.47119
3.47119
3.47119
2.1934
4.61339
3.00216
3.00216
2.19572
2.19572
4.65458
4.14843
4.14843
4.14843
5.2118
4.23258
1.37647
1.37647
5.07004
5.07004
5.07004
5.44102
7.33846
7.33846
7.33846
6.94329
6.94329
6.94329
6.11524
6.11524
6.50924
6.50924
6.50924
6.50924
6.50924
6.50924
6.50924
4.40102
4.40102
4.40102
5.1299
6.0263
6.0263
6.08527
6.09784
6.09784
6.09784
6.09784
7.64157
7.64157
11.0975
11.196
10.9613
10.9613
10.9613
9.89696
9.89696
9.89696
8.99632
7.5143
8.07362
6.56609
5.94885
5.02554
5.64556
5.64556
6.00848
6.00848
4.41852
4.41852
4.41852
4.41852
4.41852
4.0586
6.90753
7.40913
7.40913
7.6531
7.6531
7.6531
6.08403
6.08403
3.57034
5.6987
6.0764
6.0764
8.04148
8.10901
6.46454
6.07922
6.07922
3.0207
4.56942
3.94754
3.94754
2.76815
2.76815
5.19376
3.15507
3.15507
3.15507
3.15507
3.15507
3.15507
3.15507
3.15507
4.43443
4.43443
4.43443
4.49167
4.49167
4.49167
3.12746
3.55298
3.55298
3.55298
3.55298
3.55298
3.55298
3.55298
5.84347
6.46883
6.31048
6.31048
6.19292
7.30454
7.30454
7.52649
6.11757
6.11757
6.11757
7.25653
7.1699
5.56062
5.56062
5.56062
4.91015
5.72452
5.72452
4.97401
4.97401
4.97401
4.97401
4.97401
1.77893
1.77893
1.77893
1.77893
4.3038
4.3038
5.58532
5.58532
5.58532
3.51873
3.51873
3.51873
3.51873
3.26849
3.26849
3.72873
4.191
4.191
4.191
4.6257
4.6257
4.6257
5.54376
4.01416
6.54499
6.54499
8.86787
7.53521
7.53521
5.51138
5.51138
5.22376
5.22376
6.165
5.81597
3.89919
3.89919
4.79987
3.05097
6.12042
6.86342
6.86342
7.33036
5.81411
6.58913
6.20216
6.54051
6.67893
6.67893
5.73157
4.46066
4.46066
6.16085
4.51168
4.51168
4.51168
4.51168
4.51168
4.51168
5.46475
5.46475
5.49527
5.49527
8.61085
6.69637
6.69637
7.56667
7.37816
7.37816
7.37816
7.37816
5.72144
7.40624
9.04138
8.53616
7.25093
7.25093
9.23987
9.23987
9.23987
9.90509
9.90509
9.90509
8.23652
8.23652
8.23652
8.23652
5.92768
5.92768
5.92768
6.7449
5.04546
5.04546
5.04546
5.04546
5.04546
5.04546
5.04546
2.71649
2.71649
4.0479
4.0479
4.0479
4.0479
4.0479
2.64382
2.64382
2.64382
2.64382
2.64382
2.64382
2.64382
4.51063
4.63793
5.70336
3.07885
3.07885
3.07885
4.19758
4.19758
4.19758
4.19758
3.021
3.021
3.021
3.021
3.021
3.021
3.021
3.021
2.57723
2.00785
2.00785
2.00785
2.00785
2.00785
2.00785
2.21529
2.21529
4.02944
4.02944
4.02944
4.91345
4.91345
4.32379
6.91145
6.91145
7.0161
7.0161
7.0161
6.08406
4.48379
4.48379
3.28366
3.28366
3.28366
5.31723
2.26735
2.26735
1.65851
1.96411
3.47978
3.47978
3.47978
5.31892
5.31892
5.31892
5.31892
6.68183
6.68183
6.68183
6.68183
6.68183
6.20153
6.20153
6.0408
7.56716
7.56716
7.56716
7.56716
5.25786
4.7872
1.95512
2.21986
4.30012
4.30012
4.30012
4.30012
4.30012
4.30012
4.30012
4.61105
4.61105
4.61105
4.61105
4.61105
5.85413
5.85413
5.85413
5.85413
4.37032
5.74408
5.74408
5.74408
6.52813
6.52813
6.92382
5.53298
5.53298
6.42683
6.42683
6.42683
6.85015
4.33067
4.33067
2.70692
2.70692
2.70692
2.70692
3.84436
3.84436
3.84436
4.80285
4.80285
5.11708
6.5752
4.05988
4.05988
4.05988
5.00202
5.00202
5.00202
6.5807
4.39734
4.39734
6.10855
6.10855
4.26528
4.26269
4.59845
4.59845
4.59845
4.59845
3.38388
3.38388
3.38388
3.38388
2.05516
2.05516
2.05516
3.3438
3.6862
3.6862
5.79664
5.77056
3.4568
3.4568
3.4568
3.92755
4.51909
4.51909
4.51909
3.77762
6.77884
7.11508
7.11508
7.11508
5.04951
3.85863
3.39519
3.39519
5.0226
5.30908
2.80048
2.80048
2.80048
2.80048
2.80048
2.80048
2.80048
2.80048
2.80048
2.80048
2.80048
2.80048
2.80048
2.80048
3.79652
2.82368
2.82368
3.07123
5.68198
5.68198
6.12659
6.12659
5.59459
5.59459
4.44141
6.07798
5.50725
5.50725
5.50725
5.03681
5.03681
7.72426
6.13535
5.02633
5.27631
5.27631
5.84402
5.84402
5.84402
7.32527
8.54898
8.54898
8.54898
8.21306
8.21306
8.80045
6.85969
6.85969
6.85969
6.12557
6.12557
7.00466
6.80803
3.86981
3.86981
3.86981
3.86981
3.86981
3.86981
3.86981
5.49331
6.25843
7.73675
7.73675
7.73675
7.73675
5.68506
6.21233
5.91018
5.91018
5.91018
3.97136
1.89523
2.20425
2.20425
2.20425
2.20425
2.20425
4.51315
4.51315
4.51315
5.41529
4.96269
5.53928
5.11123
3.05299
3.05299
3.53911
3.01212
3.01212
3.01212
2.64356
0.947844
4.1861
4.1861
4.1861
4.1861
4.1861
4.1861
3.3029
4.38975
4.38975
4.38975
4.79312
5.79093
7.37725
7.37725
7.37725
7.37725
7.37725
5.94151
5.74146
5.74146
2.21447
2.21447
2.21447
2.21447
2.21447
2.21447
2.1007
2.1007
2.1007
2.1007
5.25685
5.25685
5.25685
5.37425
4.28811
1.00464
3.01679
4.62883
4.62883
4.62883
4.62883
4.62883
4.62883
4.62883
2.92423
5.74585
5.59162
5.59162
5.39801
5.39801
5.58785
5.58785
5.58785
5.58785
6.97377
5.45788
3.15558
6.08472
6.08472
5.41372
5.41372
5.41372
5.41372
5.41372
5.41372
5.41372
5.41372
5.41372
4.52948
4.52948
4.52948
4.52948
4.52948
3.41721
3.41721
3.41721
3.41721
3.41721
3.62879
3.62879
3.62879
3.08902
3.08902
3.08902
2.89908
2.89908
3.19044
4.75294
4.75294
4.16767
4.56157
4.56157
4.56157
1.99906
1.99906
1.99906
2.92282
2.92282
2.92282
1.74143
1.74143
3.81095
3.81095
4.62863
4.62863
5.33584
4.4683
3.5703
5.21253
4.73369
4.8686
5.02794
5.02794
7.0099
7.0099
6.55676
6.55676
6.2579
5.75192
1.74653
2.82135
3.92994
3.92994
3.92994
5.39753
6.16008
6.29942
6.29942
6.29942
7.22767
7.22767
7.22767
5.00342
5.00342
5.00342
5.0057
5.0057
5.0057
5.0057
6.61511
6.68445
8.50248
6.93862
4.16446
3.0117
3.0117
3.0117
3.0117
4.00174
4.00174
4.00174
4.00174
4.00174
4.00174
4.00174
4.00174
4.00174
4.07903
4.40371
4.40371
5.93689
5.93689
7.07493
7.07493
5.19371
4.44797
4.44797
4.58517
5.41981
2.33114
2.33114
2.33114
3.71858
3.71858
3.16512
3.16512
3.40561
3.40561
3.40561
4.49625
3.84789
3.84789
6.66371
4.61153
4.61153
2.8496
2.7916
2.7916
2.7916
2.7916
2.7916
5.18396
5.5046
5.5046
5.83611
4.81761
4.81761
4.81761
4.81761
4.44879
7.8856
7.8856
8.95544
9.43681
9.43681
9.43681
10.012
10.012
9.48081
9.10807
5.45557
5.45557
7.19395
5.86622
4.53494
4.53494
3.70755
4.70315
4.70315
4.70315
4.64876
4.64876
4.64876
4.64876
2.10093
2.10093
2.10093
3.44877
3.44877
3.44877
3.44877
3.44877
3.44877
3.44877
6.23808
4.69636
4.69636
6.58634
9.13579
9.51613
7.12898
7.12898
7.21011
7.04136
7.04136
7.04136
7.04136
7.04136
7.04136
7.04136
7.04136
7.04136
6.41578
6.41578
4.71353
6.27609
6.27609
5.66914
7.22701
7.22701
5.00043
5.00043
5.00043
5.67341
3.77836
4.27299
4.27299
3.15089
5.1645
3.0537
3.0537
3.71862
3.71862
3.71862
3.71862
3.71862
3.71862
4.13068
4.13068
4.13068
3.20255
2.99447
2.99447
2.99447
2.99447
4.60931
5.70078
3.45043
3.45043
3.45043
3.45043
3.45043
2.49087
3.04886
3.04886
3.04886
4.22274
4.22274
5.50678
5.50678
5.50678
4.58053
4.58053
3.42243
3.42243
3.42243
3.42243
3.75433
4.74677
4.74677
4.74677
4.74677
5.23808
5.23808
5.23808
5.23808
6.81592
8.56053
6.63066
4.94893
5.18
5.18
3.24299
3.24299
3.24299
3.24299
4.3862
4.3862
4.3862
4.75506
6.54048
6.54048
4.58214
4.58214
4.58214
3.25551
3.25551
6.02461
6.02461
6.02461
5.32975
4.945
4.945
3.9543
7.41383
7.41383
7.41383
7.44215
6.13994
7.77551
7.03487
7.03487
7.53817
7.53817
6.84081
6.84081
7.62335
7.62335
6.63053
6.63053
9.63544
9.63544
9.63544
8.78036
8.02351
8.02351
8.07385
8.07385
8.07385
8.07385
9.13935
7.77015
7.77015
7.77015
7.77015
6.31029
9.35557
9.35557
9.35557
9.35557
7.58843
7.58843
6.08195
6.08195
6.08195
4.57859
4.57859
5.03241
5.03241
5.03241
5.03241
5.03241
2.81985
4.16305
3.7412
3.7412
3.7412
3.07396
3.07396
3.07396
3.04851
3.04851
3.04851
3.04851
3.04851
3.04851
3.04851
3.04851
1.98954
1.98954
1.98954
1.98954
1.98954
2.71381
2.71381
2.71381
4.50148
4.50148
5.91914
6.55644
6.55644
6.55644
6.77659
6.77659
6.77659
6.77659
4.25906
4.25906
4.25906
4.25906
6.33841
6.84508
4.71086
4.71086
2.94349
2.94349
2.94349
2.94349
4.50702
4.50702
1.85815
1.85815
1.85815
1.85815
1.85815
3.95352
3.95352
3.95352
7.01674
7.01674
7.01674
7.01674
7.01674
6.7083
6.7083
9.44
8.01111
7.5882
5.15843
5.27464
7.15765
7.1354
6.65025
4.60396
4.60396
4.60396
4.60396
5.71021
4.68739
4.68739
4.99459
2.87813
2.87813
1.26631
3.47167
3.47167
3.55004
3.55004
2.66557
3.72175
4.3058
4.3058
4.88937
4.98736
2.20284
2.20284
2.20284
2.20284
2.20284
2.20284
2.20284
2.20284
2.20284
2.5806
2.5806
2.42464
4.16507
4.16507
1.96096
1.96096
2.68149
2.16281
3.67802
2.51301
2.51301
3.76328
3.76328
3.79655
3.79655
2.7395
3.90356
2.9526
3.97347
3.97347
2.0478
2.0478
3.24742
3.24742
3.24742
3.24742
3.24742
3.87557
3.87557
3.87557
3.87557
3.87557
3.87557
3.87557
3.87557
3.87557
5.33844
5.33844
3.59624
3.59624
3.59624
3.59624
3.59624
3.59624
4.21971
3.54919
3.54919
4.19517
4.19517
5.12359
5.12359
5.12359
5.12359
5.87092
9.45472
9.45472
9.41255
7.82601
7.96235
7.96235
7.96235
7.96235
7.96235
6.92699
5.42693
2.96966
2.96966
2.96966
2.96966
2.96966
2.96966
2.96966
2.96966
3.36813
5.60872
5.60872
5.60872
6.34283
6.34283
6.34283
4.94141
4.94141
5.07027
5.07027
3.66372
3.66372
5.99379
4.57735
4.56154
4.56154
4.30655
4.30655
5.69945
5.69945
5.69945
8.054
6.26811
4.86635
3.15783
3.15783
2.13355
2.13355
2.20765
2.11392
2.81108
2.81108
2.81108
2.81108
2.81108
2.81108
1.98145
4.27966
6.16402
6.16402
5.02618
5.02618
4.07999
4.07999
4.07999
4.07999
3.53173
3.83325
3.83325
3.83325
3.64461
2.99091
2.64172
2.64172
2.64172
4.93954
7.02104
5.48199
4.83517
4.83517
4.83517
4.6102
4.6102
4.6102
2.95479
3.31006
3.31006
3.31006
3.06442
3.06442
3.06442
3.06442
5.2658
5.2658
4.26249
4.26249
6.43221
6.62847
8.57829
8.57829
9.37649
7.5336
7.46035
8.28413
7.44786
7.44786
7.44786
6.36452
4.50963
4.50963
5.69996
5.69996
7.50631
6.04694
7.49019
8.28238
8.28238
8.28238
6.78782
7.82766
7.82766
8.53943
11.0663
12.1761
12.1761
12.8337
12.8337
9.41658
11.0118
11.0118
10.0508
10.0508
12.1027
12.1027
12.1027
11.492
11.6138
11.6138
9.89034
9.89034
9.28532
6.80378
4.26197
4.26197
4.26197
4.64813
4.64813
4.64813
4.64813
4.64813
5.11566
5.11566
3.31828
3.31828
4.51591
4.51591
2.42343
2.42343
2.42343
2.42343
1.28189
3.28637
4.04482
3.41888
3.41888
3.41888
3.41888
3.41888
3.41888
3.41888
1.88085
1.88085
1.88085
1.88085
1.88085
1.88085
5.26187
5.26187
5.61613
5.61613
5.61613
4.93113
4.93113
4.93113
4.93113
6.74558
6.45705
5.45229
5.45229
2.70022
3.86218
3.86218
3.83701
5.19116
5.19116
5.54459
5.54459
5.54459
5.54459
6.60464
7.18844
7.18844
7.18844
7.18844
6.37682
5.97229
5.97229
5.97229
4.52084
4.52084
4.52084
6.82491
9.14521
8.0933
7.94614
8.23903
8.668
9.57216
8.16804
10.0583
10.0583
10.4375
10.0297
10.1111
8.33845
9.22074
9.65549
9.65549
10.1557
10.1557
10.1557
9.34674
9.34674
9.86944
9.54367
8.19466
6.90318
6.11379
3.76745
5.51788
5.51788
3.65646
3.65646
3.65646
3.65646
3.65646
4.40876
3.4379
5.52171
6.66884
6.66884
5.73965
5.73965
5.73965
7.2127
7.2127
6.72049
6.72049
5.34819
5.34819
6.5278
6.5278
6.5278
6.5278
7.80023
7.80023
7.96068
4.82587
4.82587
4.82587
4.82587
2.75766
2.75766
5.03366
2.01472
3.08593
2.6501
2.6501
2.6501
2.6501
4.39009
4.151
3.49875
3.49875
5.87897
5.87897
7.08704
6.13795
7.48433
7.48433
7.48433
7.48433
7.88027
7.88027
7.88027
7.88027
7.88027
7.88027
5.27613
5.27613
5.27613
4.95363
3.78908
3.78908
3.78908
3.78908
3.78908
3.78908
4.1909
4.1909
6.41211
6.41211
6.15367
3.08778
3.08778
3.06181
3.06181
3.06181
3.06181
3.06181
2.661
2.661
2.661
2.661
2.661
2.661
2.661
2.661
4.12064
5.58429
5.63322
5.63322
4.68334
4.68334
4.68334
4.68334
2.30944
2.30944
5.71574
5.71574
4.47906
3.80284
3.80284
3.80284
1.78207
3.77586
5.68479
5.68479
4.71554
4.71554
4.71554
4.71554
4.71554
3.84348
3.84348
5.64828
3.8203
4.29612
4.51964
5.55323
5.55323
5.55323
6.90864
6.90864
4.45723
4.45723
4.45723
2.63263
3.16207
3.16207
1.72846
1.72846
3.75086
3.75086
4.85254
4.85254
4.85254
4.85254
4.85254
4.07063
4.66306
3.87098
3.87098
3.53461
3.53461
3.53461
3.53461
3.53461
4.7013
4.7013
4.7013
2.3028
2.3028
3.45531
6.47255
3.38801
0.583609
2.79551
2.79551
4.45584
4.48341
4.48341
5.25778
5.25778
5.25778
3.69881
3.69881
3.69881
3.03727
4.14978
4.14978
4.1826
4.1826
3.37218
3.37218
3.37218
6.03976
2.77087
2.77087
3.28976
3.53487
4.56996
4.56996
4.56996
4.56996
6.28943
7.88999
7.88999
7.88999
7.88999
7.88999
6.68065
6.24085
6.06469
6.06469
6.06469
6.06469
7.03572
6.77759
5.19791
5.19791
6.42946
6.42946
4.23159
4.23159
1.81696
1.81696
5.10078
7.31737
7.82117
7.61659
7.61659
8.56041
6.49599
5.85145
5.85145
5.85145
4.18709
2.90443
2.90443
4.22233
6.99062
6.99062
5.79009
5.79009
3.47246
4.80919
4.80919
4.80919
4.80919
3.2826
3.2826
5.13875
5.13875
4.24565
4.24565
4.24565
6.65551
6.65551
6.65551
6.08207
7.2664
7.2664
5.71505
6.11149
5.2536
6.48839
6.48839
5.3209
5.3209
6.87559
6.87559
6.87559
6.87559
5.32832
5.50043
5.50043
5.23672
5.66367
4.96247
3.78554
2.7235
2.7235
5.05798
5.05798
5.05798
1.82708
1.82708
4.33404
5.3779
5.59636
5.59636
5.59636
5.59636
5.59636
5.59636
8.6094
9.92132
11.2446
11.4046
10.3202
10.3202
10.3202
10.32
10.32
10.32
10.1054
10.1054
9.33357
9.33357
8.65806
6.60635
6.49158
6.27107
4.94811
4.94811
5.8328
5.8328
4.18036
3.85228
3.85228
3.85228
3.85228
3.85228
3.85228
3.85228
3.85228
3.21391
4.23998
4.23998
4.23998
5.99048
7.0423
7.0423
6.29014
7.73706
7.73706
6.70459
5.36087
2.68395
5.15856
6.24267
5.38966
6.63614
6.11054
7.58161
7.58161
7.48575
7.20979
8.21486
8.21486
8.21486
8.21486
8.21486
8.21486
8.94176
11.1568
7.83059
4.8188
5.12456
2.29818
2.67502
2.67502
3.08534
3.08534
3.08534
3.08534
3.08534
3.08534
5.3404
4.32156
4.54833
4.17298
4.17298
4.17298
4.28084
5.88224
5.23425
5.23425
5.59189
5.19683
5.19683
4.43913
4.60684
4.60684
4.60684
2.57907
3.10689
3.10689
3.10689
1.76462
1.76462
3.94022
3.21889
3.21889
3.21889
3.21889
3.21889
5.32409
5.11533
6.59561
6.59561
6.13569
6.885
4.31901
4.31901
4.31901
4.31901
4.39752
1.48257
3.06556
5.40981
5.40981
5.40981
4.6981
6.50429
6.50429
3.8786
3.8786
4.44232
4.44232
4.44232
4.44232
4.44232
3.56172
3.56172
4.5316
4.5316
4.72073
4.72073
6.02545
6.02545
3.95348
5.72771
4.29179
4.29179
2.65127
2.65127
3.60187
3.36609
5.10133
5.10133
5.10133
5.18823
5.18823
5.18823
4.36462
4.36462
5.33555
8.64978
8.64978
8.64978
8.64978
5.58721
5.56571
5.56571
5.56571
5.56571
5.56571
5.56571
5.56571
6.28128
6.24151
3.82742
3.13119
3.13119
4.54331
4.54331
8.1663
8.1663
7.66348
4.53841
4.08256
4.08256
2.93567
2.93567
2.93567
4.36958
4.36958
2.715
2.715
2.715
2.715
4.75274
4.75274
4.75274
4.89122
6.94412
6.7118
5.27839
2.32536
3.64326
3.64326
3.71787
3.71787
3.71787
1.64851
1.64851
1.64851
1.64851
1.64851
1.64851
1.64851
1.64851
2.99963
3.5576
3.5576
2.34137
3.96846
3.5422
3.5917
5.40678
5.40678
5.40678
5.40678
5.40678
5.89437
5.89437
6.40315
6.40315
6.34233
6.34233
6.34233
6.34233
6.34233
6.34233
6.34233
6.34233
6.8383
6.87421
6.87421
6.87421
6.87421
6.87421
6.19272
6.19272
6.19272
6.19272
6.56357
6.40173
7.79528
9.03428
9.46501
9.46501
9.46501
8.81583
8.81583
9.33541
9.33541
8.19386
6.57427
6.57427
6.57427
6.57427
6.57427
4.1172
3.04172
4.44615
4.23034
4.23034
4.23034
4.23034
4.00043
5.79347
4.46966
4.46966
4.79728
6.65323
7.73869
7.73869
7.64821
7.64821
5.32644
3.19908
3.19908
3.19908
4.15093
4.15093
4.15093
4.15093
4.15093
4.15093
2.30063
2.30063
2.30063
2.30063
2.30063
4.64124
4.64124
5.91388
5.91388
6.5727
6.5727
5.59657
5.59657
5.59657
5.59657
7.8952
7.8952
6.8808
5.59431
5.59431
4.34509
4.34509
4.34509
4.34509
4.34509
4.34509
2.78043
2.78043
2.78043
2.78043
2.26699
4.89796
4.89796
6.44807
6.5007
6.5007
5.40383
5.40383
4.04131
3.68879
5.88803
8.27358
8.39252
6.19589
6.19589
5.92735
5.92735
5.92735
8.18731
6.78365
6.17893
5.36703
5.36703
5.36703
5.36703
4.55718
6.70551
6.56303
6.56303
7.3055
8.68079
8.68079
7.97038
4.89529
4.89529
4.89529
4.89529
4.89529
4.89529
5.8795
3.74535
3.74535
5.46674
5.46674
6.50129
6.41478
9.64617
9.45099
9.51178
10.1134
9.102
10.6028
10.6028
6.57813
6.57813
7.06864
9.08288
9.98186
8.19599
6.78082
7.70219
7.70219
6.75481
7.58255
6.09763
6.09763
6.09763
3.64508
3.10472
3.10472
3.10472
3.10472
2.61689
2.61689
2.61689
2.61689
3.45538
3.45538
3.45538
3.45538
3.45538
3.45538
3.45538
4.02257
5.4826
5.84543
5.84543
5.84543
5.84543
3.60275
3.60275
3.34186
3.34186
3.34186
3.34186
3.34186
3.34186
4.75557
4.75557
3.94392
3.94392
3.94392
3.94392
5.14774
4.4728
5.97249
4.76862
4.76862
4.20854
4.20854
6.89222
5.95518
3.68367
3.68367
3.68367
2.72641
2.72641
2.72641
3.44396
5.97026
6.90504
6.18914
6.18914
4.36005
4.36005
4.36005
4.491
3.80756
3.80756
4.08913
3.81291
3.81291
5.02363
2.82841
4.32026
7.33855
5.66579
5.66579
5.66579
5.66579
5.66579
5.66579
5.68841
3.48572
3.48572
3.48572
3.48572
1.95074
1.95074
4.26964
4.26964
4.26964
4.26964
6.48913
6.48913
6.48913
5.62167
5.62167
7.21843
7.21843
7.21843
7.21843
7.16036
6.8348
6.8348
8.68479
6.47107
6.06354
3.85653
6.39436
6.94313
4.65563
4.65563
4.65563
6.94099
6.94099
9.25003
10.1051
10.1051
10.1051
8.66926
7.89196
7.89196
7.16172
7.16172
6.24868
9.01664
9.01664
9.01664
7.07558
6.3233
6.3233
6.3233
6.3233
6.3233
6.3233
4.98324
4.98324
4.98324
6.31917
6.31917
6.77937
4.73213
4.58121
4.58121
4.58121
4.79347
4.98467
4.98467
4.98467
4.98467
4.75752
4.75752
3.16646
4.21402
2.09051
2.09051
3.12608
3.12608
4.92317
5.29102
5.29102
5.29102
5.29102
5.29102
5.29102
5.29102
5.29102
4.0897
4.0897
3.24487
4.78167
4.78167
4.78167
3.70217
3.36126
3.36126
3.36126
3.36126
2.2327
2.2327
2.5182
2.5182
2.5182
2.55869
2.55869
2.55869
2.55869
2.55869
2.55869
2.55869
2.55869
2.55869
2.55869
3.84179
3.84179
2.65926
5.87
5.54467
5.54467
5.54467
5.54467
4.76129
4.76129
6.20956
3.56334
3.89571
4.26053
4.26053
2.80004
2.80004
0.77365
0.879469
4.80176
4.80176
4.80176
4.80176
4.80176
6.31063
6.31063
6.51743
6.51743
7.30288
7.30288
8.52135
6.13264
6.13264
3.40656
3.40656
1.94648
1.94648
3.31549
3.31549
3.31549
5.34824
4.0048
4.0048
4.0048
4.43008
4.43008
4.43008
4.43008
4.43008
1.96192
1.96192
1.96192
1.96192
3.83021
3.83021
3.83021
3.17657
3.17657
3.17657
3.17657
3.17657
3.17657
3.17657
3.17657
3.17657
3.17657
5.0172
3.88329
3.88329
3.57286
3.57286
4.36051
2.79465
2.79465
3.74268
3.74268
4.75085
2.60167
2.60167
2.60167
3.08053
3.08053
3.08053
3.08053
4.00944
4.00944
4.85196
3.49165
2.95626
3.95181
3.95181
3.95181
4.90857
4.90857
4.90857
4.90857
6.25117
4.49079
4.49079
5.54694
5.54694
4.56763
4.56763
4.56763
4.91188
5.03567
5.27764
5.27764
5.27764
4.94715
3.99249
3.99249
3.99249
4.64981
6.04882
6.04882
6.04882
4.9221
7.19183
5.82803
5.82803
2.45563
2.45563
4.29901
4.89302
4.75645
4.75645
4.75645
5.03422
4.3103
4.3103
4.3103
4.3103
4.3103
4.8007
4.8007
4.8007
4.8007
7.72866
7.72866
7.72866
7.46883
7.46883
7.14163
7.14163
7.28901
8.59065
8.59065
9.32382
9.32382
9.32382
9.62007
9.10494
9.10494
8.63833
8.63833
6.62695
5.17382
5.17382
5.17382
6.81804
8.95369
8.95369
10.9016
10.9016
10.9016
11.9421
11.0354
11.2697
8.61367
7.86534
6.33025
6.33025
6.33025
6.11686
6.11686
6.11686
4.68747
4.68747
4.68747
4.68747
3.92359
3.92359
3.92359
3.92359
2.15765
2.61409
2.09173
2.06313
2.06313
2.06313
5.09078
3.53016
3.53016
3.53016
3.53016
2.84333
1.57327
1.57327
2.72124
2.72124
2.72124
2.72124
2.72124
2.72124
2.72124
2.72124
2.72124
2.72124
2.72124
2.72124
2.72124
5.50154
5.4633
5.6426
5.96997
5.96997
6.89149
6.77664
6.77664
8.13866
8.13866
5.32078
5.33099
5.33099
5.38645
5.38645
2.28232
2.28232
2.28232
2.28232
3.77337
4.10452
5.33723
5.33723
5.33723
2.9611
3.90075
2.78423
3.14376
5.18041
3.54176
3.54176
3.54176
3.54176
3.54176
3.54176
3.54176
3.78389
3.78389
3.78389
3.78389
4.67925
3.0647
3.99969
3.99969
1.76181
1.76181
1.76181
1.65622
1.65622
3.44627
4.2842
2.50994
5.31511
2.41193
2.41193
2.41193
2.41193
2.41193
4.26619
4.26619
5.24623
4.56212
5.63476
5.63476
5.63476
5.63476
5.63476
5.63476
5.63476
5.63476
5.63476
5.63476
6.53611
6.53611
6.53611
6.27179
6.25465
6.25465
6.25465
6.25465
6.25465
4.49378
3.6936
1.97214
2.27662
2.27662
2.27662
2.63588
4.15941
4.15941
4.15941
4.15941
2.91075
2.91075
2.95007
2.95007
2.95007
2.95007
2.95007
2.95007
2.95007
2.95007
2.95007
4.14204
3.50697
3.50697
3.50697
2.50196
2.50196
3.12264
3.12264
3.12264
5.55342
3.83922
2.96889
2.96889
2.96889
5.90984
5.90984
2.79249
4.13798
4.13798
4.13798
4.13798
3.08011
2.47808
2.47808
2.47808
2.47808
2.47808
2.47808
2.47808
5.2742
6.89525
4.48569
4.48569
4.48569
6.09381
6.09381
5.69758
6.19728
5.48
5.48
5.89104
6.29664
6.29664
6.92934
5.94681
4.78894
4.78894
4.78894
4.78894
4.78894
4.23346
4.23346
5.59504
5.59504
4.92048
5.82648
5.19451
5.19451
4.26929
3.94963
2.3999
2.3999
2.3999
2.3999
3.18906
3.18906
3.52164
5.39176
6.65293
7.70218
7.70218
7.68152
7.04492
4.96442
6.14743
4.37442
2.62777
2.62777
2.46289
2.36372
2.48963
2.48963
5.62306
5.62306
6.10757
6.28401
4.94538
4.26281
4.26281
2.7528
2.7528
5.49315
5.49315
5.64819
7.16529
7.16529
4.82766
5.14973
5.14973
3.49226
3.49226
3.49226
3.15341
3.29229
3.29229
3.29229
3.29229
3.61359
3.12073
1.93002
3.62548
3.62548
2.71557
2.44209
2.44209
2.44209
2.44209
5.29351
5.29351
3.32697
4.61337
4.61337
4.00447
4.00447
3.92861
6.08911
6.08911
6.08911
3.61909
2.89444
5.3829
5.3829
5.3829
5.3829
5.3829
5.3829
5.3829
5.3829
5.93422
5.30905
6.10724
5.82813
6.22477
6.65845
6.65845
6.65845
6.65845
5.34958
7.77888
6.69826
6.69826
4.8325
7.12864
7.12864
7.12864
8.19365
8.38189
6.9583
7.31078
5.55478
5.72985
7.4527
7.4527
7.4527
7.4527
7.00998
7.00998
4.89368
1.85686
1.85686
1.85686
1.85686
1.85686
1.85686
1.41753
1.41753
1.41753
1.41753
1.41753
1.41753
1.41753
1.41753
4.19059
2.39394
2.39394
2.39394
2.39394
2.81938
5.22022
5.22022
5.34255
5.05578
7.65844
6.40858
6.53451
6.53451
6.53451
6.53451
7.32227
4.46168
4.46168
4.46168
4.46168
6.73252
5.62143
5.62143
7.40568
9.49895
7.25979
7.78915
5.60086
5.60086
6.31814
6.31814
6.31814
6.31814
6.31814
4.58571
4.36004
3.60239
3.60239
3.60239
3.60239
2.28042
2.28042
2.94025
4.55401
2.95905
0.912179
0.912179
2.70329
2.63051
2.63051
2.63051
3.59982
5.52615
4.00008
2.97122
2.97122
2.97122
5.80523
5.88076
6.17842
7.82611
7.33822
7.33822
7.33822
9.91529
9.91529
6.44453
3.81984
3.81984
2.50007
2.50007
3.5126
3.5126
3.5126
3.56972
3.56972
3.56972
3.56972
3.56972
3.56972
3.56972
3.56972
3.81736
3.81736
3.81736
3.81736
3.81736
3.81736
3.81736
5.13603
5.13603
5.13603
5.13603
3.43207
4.0464
4.47792
1.97871
1.97871
1.97871
1.97871
3.62957
3.62957
6.05457
6.05457
6.05457
6.05457
6.05457
3.87401
6.06628
4.84078
4.08151
4.08151
4.08151
3.96562
3.96562
3.96562
3.96562
3.96562
2.99857
2.99857
5.49308
5.42164
7.44513
8.19321
9.03514
6.57516
6.57516
7.0114
7.0114
7.0114
7.0114
6.03489
6.03489
5.18554
4.26228
4.26228
2.99864
2.09445
2.09445
4.56276
4.22216
4.22216
4.1333
4.1333
4.1333
4.1333
4.1333
4.1333
4.1333
4.1333
2.51388
3.35385
3.7296
5.20829
5.20829
1.34267
3.44081
6.70561
6.40464
6.40464
3.19299
3.19299
3.19299
3.19299
3.19299
3.19299
3.19299
3.19299
2.77123
3.66019
3.66019
2.98853
2.98853
2.98853
2.98853
2.98853
2.98853
5.16776
5.16776
5.16776
3.90647
4.98499
5.49831
3.41646
3.41646
3.41646
3.41646
3.41646
3.41646
3.41646
3.41646
3.41646
3.41646
2.23029
4.33258
5.74531
4.13523
3.93311
5.7519
5.7519
5.7519
4.52664
5.63726
5.63726
5.63726
3.91142
3.91142
3.91142
3.91142
4.06811
3.6262
4.74939
4.2723
4.2723
4.2723
2.80588
1.61578
1.61578
1.61578
2.52357
2.52357
2.52357
2.52357
2.52357
2.52357
2.52357
2.52357
2.53927
2.53927
2.53927
6.04726
6.04726
6.04726
6.04726
6.04726
6.15165
5.80177
5.80177
5.80177
4.64527
4.64527
5.19867
3.69543
3.69543
3.69543
3.69543
3.69543
3.69543
4.23562
4.63367
4.63367
7.32502
7.32502
7.32502
8.81584
8.47707
8.47707
8.47707
8.47707
8.47707
8.47707
8.47707
8.47707
10.6727
9.89481
9.89481
9.74639
8.37356
7.90379
7.90379
7.90379
4.32848
4.56142
4.56142
4.5542
5.83171
5.83171
5.83171
5.83171
6.60698
6.60698
6.60698
6.60698
5.31004
5.31004
3.75029
5.21548
5.21548
5.21548
2.41747
2.41747
4.4264
4.4264
5.7348
6.34218
6.34218
6.34218
6.49891
7.56597
6.57975
7.15391
6.58461
6.84318
6.84318
5.20384
5.20384
5.20384
5.20384
2.91017
3.81202
3.81202
3.81202
3.81202
2.12275
2.12275
2.12275
2.12275
2.12275
2.12275
3.48698
3.70557
5.76384
7.57353
4.06188
4.06188
4.30498
4.30498
7.58558
4.14791
4.92825
4.92825
4.92825
4.99833
3.29019
4.36036
4.36036
4.36036
4.36036
4.36036
4.36036
4.36036
4.36036
6.76764
6.76764
6.02446
6.3815
6.3815
6.3815
6.95373
4.33283
4.84952
2.25564
2.25564
1.67404
1.99577
4.37347
4.29424
4.71278
4.8859
4.8859
5.56711
5.61344
5.61344
5.83097
5.83097
7.46277
7.46277
7.25593
7.25593
7.25593
7.52198
6.85772
7.05089
7.36701
7.36701
6.83791
6.21764
5.03195
5.03195
2.86018
2.86018
2.86018
4.2762
4.2762
3.99946
3.99946
2.65678
2.65678
2.65678
2.65678
2.65678
2.65678
2.59198
4.03013
4.03013
4.93612
4.93612
3.34936
4.98977
4.64114
4.64114
4.23139
5.07398
5.07398
5.07398
6.11588
6.11588
6.11588
6.11588
6.11588
5.68822
5.68822
6.47393
2.62969
2.62969
2.62969
2.62969
2.62969
4.85701
5.67312
4.18615
4.18615
4.18615
4.18615
4.18615
4.06832
4.06832
3.16186
3.16186
5.12754
5.12754
5.12754
5.12754
5.35307
2.95201
2.2282
1.37004
3.3965
3.3965
4.7349
4.85628
4.85628
4.85628
4.85628
4.85628
4.85628
4.85628
5.66555
6.58741
6.58741
6.4815
5.27626
3.74192
2.86007
2.86007
1.28821
1.52832
4.37841
5.61029
5.61029
5.61029
7.43005
6.66206
8.05706
7.88049
5.18751
5.18751
5.18751
6.80631
6.80631
6.80631
5.68462
5.68462
5.68462
5.68462
5.68462
5.68462
6.33206
5.45256
5.02811
5.02811
5.19728
3.36786
1.78737
4.1209
4.1209
4.1209
4.1209
2.16574
3.22658
3.22658
3.22658
6.79362
5.39965
5.39965
6.87498
6.45297
6.45297
6.45297
6.45297
6.45297
6.45297
6.45297
5.54787
5.54787
3.84525
4.25737
4.25737
6.22766
6.22766
6.22766
5.49804
5.49804
5.41702
5.41702
5.41702
3.63216
3.63216
3.63216
3.62702
4.70797
5.31361
6.27718
6.27718
6.27718
6.27718
4.70059
4.70059
4.94207
4.94207
2.59083
4.61616
3.23296
5.05405
5.05405
5.05405
2.54797
3.61752
3.61752
3.61752
3.61752
3.61752
1.60354
2.60758
2.60758
2.60758
2.55837
2.55837
2.55837
3.10587
3.10587
3.09798
3.09798
