172.52
172.52
171.568
171.899
171.586
171.881
171.851
173.545
173.783
172.12
172.12
172.409
172.409
173.068
173.299
172.793
170.947
172.09
172.333
172.333
172.472
172.472
171.688
171.688
171.688
171.794
170.442
170.477
168.617
167.376
167.359
167.359
167.511
167.258
165.82
165.746
165.829
164.961
164.961
164.686
164.686
162.832
162.754
162.754
162.668
162.668
162.668
162.668
162.426
162.253
162.915
162.757
162.775
163.099
162.04
161.621
161.13
161.183
159.836
160.67
160.226
159.61
160.137
159.552
159.552
159.552
159.571
160.406
159.009
159.552
159.162
157.914
158.587
158.457
158.457
158.402
157.721
157.721
157.137
156.598
156.239
156.234
156.234
156.385
157.726
157.726
157.784
156.916
156.916
156.753
155.313
155.31
155.31
155.307
156.331
156.331
155.195
155.195
153.415
153.057
153.057
153.057
153.057
153.057
153.035
153.385
153.385
153.23
153.513
153.513
153.513
152.572
152.216
151.701
151.754
151.754
151.739
151.982
151.415
151.534
151.478
151.389
152.038
151.465
149.916
149.916
149.674
150.022
149.637
149.726
149.47
149.47
151.263
151.012
150.525
150.376
150.19
150.113
150.046
149.539
148.971
148.971
148.971
148.861
148.871
149.36
149.298
149.298
149.298
149.298
148.256
147.566
147.112
147.151
146.575
146.575
146.432
147.195
147.195
147.239
147.239
145.312
145.312
145.703
145.703
145.703
146.069
146.069
146.069
146.049
146.281
145.175
145.333
145.333
144.048
144.048
143.712
143.271
142.24
142.24
141.281
141.314
140.83
140.83
139.879
139.879
140.34
140.645
140.946
140.946
140.949
140.542
141.369
140.779
140.261
140.261
139.383
139.438
139.266
139.271
138.742
138.407
138.407
137.656
137.656
137.656
137.926
137.141
137.141
137.141
137.16
137.563
137.563
137.563
137.563
136.449
136.379
136.379
136.406
136.796
136.135
134.071
132.544
132.537
132.286
132.677
132.869
132.869
132.869
132.695
132.027
130.827
130.928
130.928
130.928
130.747
130.256
130.256
129.304
128.064
127.727
127.603
126.788
127.37
127.382
127.293
127.422
127.842
127.986
128.794
128.413
128.004
128.647
128.647
128.097
128.46
128.883
128.883
128.883
129.165
128.345
127.491
127.491
127.644
127.644
127.994
127.694
127.694
126.529
126.384
126.399
126.61
126.61
127.049
126.983
125.306
124.356
124.356
124.551
125.802
125.339
124.786
123.801
122.912
121.732
121.525
121.605
121.868
121.728
121.74
121.74
120.804
119.445
119.445
118.845
119.252
118.812
118.812
118.812
119.509
119.119
119.37
119.37
119.37
118.682
119.075
118.83
118.408
118.021
118.073
118.073
117.898
118.608
118.608
118.536
117.916
117.37
116.712
115.955
115.955
114.098
114.32
113.701
113.701
113.701
113.933
113.38
112.787
112.787
112.826
113.114
113.179
113.179
113.321
113.321
113.406
112.217
112.217
112.217
112.217
111.053
111.053
111.041
110.557
110.557
110.557
110.557
110.557
110.045
108.708
108.708
108.708
108.708
108.708
108.708
108.708
108.436
108.436
107.454
107.454
107.454
107.403
107.272
107.272
106.183
106.757
107.038
106.883
106.528
105.902
105.902
106.157
106.157
106.157
106.219
106.219
107.142
107.142
107.142
107.3
106.758
106.758
106.304
106.304
106.304
106.836
105.945
105.625
105.183
103.51
103.911
104.191
102.914
103.119
102.54
102.443
101.861
101.666
101.666
101.475
100.493
100.225
100.225
99.8544
99.8544
99.615
99.615
99.615
99.3409
99.6223
98.8955
98.8955
98.8955
98.592
98.1405
98.0468
98.7568
97.2885
97.3161
97.3683
97.7724
97.7724
97.545
96.5338
97.395
97.395
97.395
97.0104
97.2375
97.2092
97.7211
97.329
97.5832
97.3065
96.9744
96.998
96.1519
96.1519
95.45
96.1243
96.2803
96.0141
96.0077
95.2349
95.2349
95.2349
94.604
94.1349
93.4178
93.4972
92.6355
92.6355
92.6355
91.9098
92.4344
92.3498
92.3498
92.2964
92.2964
92.4497
91.9124
91.8921
92.1963
92.6616
92.6616
92.6616
92.2375
92.1139
92.1139
92.1139
92.1139
91.9156
91.3274
92.2768
91.5391
90.6585
90.6585
90.6585
89.9148
89.3365
89.3365
89.3365
89.3365
87.8781
87.8892
87.1908
87.1908
87.742
86.5242
86.8013
86.5872
86.5872
85.149
84.8155
84.056
83.8218
83.8218
83.4319
83.4319
83.1401
83.2094
83.2094
82.5398
82.5036
82.3488
82.4335
81.2287
81.073
81.246
80.689
80.5055
80.0885
80.0885
80.0885
80.4151
80.4151
80.4714
80.4714
80.2633
80.0759
79.9644
79.1038
77.9008
77.883
77.883
77.883
77.883
77.883
77.1292
77.4663
77.3286
77.0871
77.0871
76.6727
76.6727
76.2214
75.9385
75.9385
75.1479
74.3433
74.3433
74.3366
74.1818
74.106
74.106
73.4819
72.14
71.7585
71.7585
71.0814
71.0814
70.5573
71.2354
71.2354
71.0444
71.0444
70.7278
70.3632
69.8788
69.2302
68.6207
68.7373
68.349
67.8453
68.0597
66.7434
66.7434
65.864
65.864
66.009
66.009
65.8011
64.7463
64.2916
64.2916
64.7282
64.37
64.37
64.0143
64.5098
64.5098
64.6059
64.2592
64.2902
64.7147
64.9
63.9052
64.256
63.6687
63.5181
63.4261
63.4261
63.1681
62.8949
62.8949
63.0425
62.835
62.8952
62.8952
62.0375
61.2224
60.6214
60.9036
60.6003
61.1392
60.506
60.1747
60.1747
60.3125
59.7396
59.7396
59.7396
59.7608
59.3517
59.3517
59.2694
58.6669
59.2436
59.2436
58.4948
58.844
59.5512
59.2357
59.5692
59.5692
59.2138
59.2138
59.2138
58.281
57.59
57.59
57.1887
56.9492
55.9858
55.9577
55.1926
54.2864
54.2864
54.6853
53.9363
52.7272
52.3199
51.5726
51.6671
51.272
51.272
51.2965
51.0879
50.53
50.53
50.9953
50.5631
50.5631
49.9222
49.9222
49.6967
50.0192
50.0192
50.0192
49.8285
50.0525
49.9409
49.9967
50.3376
50.2264
50.1984
49.5055
49.424
48.4184
48.572
48.0556
47.7659
47.7319
47.8255
47.2906
47.3206
46.8693
47.6389
47.9992
47.0295
46.4618
45.6972
45.6972
45.6972
45.9218
45.9195
44.88
45.0516
44.5718
45.0306
45.0306
45.6982
45.4133
45.5201
44.3748
43.3174
42.3583
42.3583
41.9327
41.5052
41.5052
41.4361
40.5444
40.5444
40.5444
40.5444
39.1385
38.6498
39.4598
39.4598
38.4534
38.4534
38.4925
37.8112
38.4418
38.4418
37.9456
37.4978
37.1238
37.1238
37.2341
36.0651
34.9336
34.5126
34.4992
34.2148
34.2148
33.1109
31.7977
31.7977
30.9213
30.9213
30.4353
30.4353
29.0101
29.3185
29.5338
29.5338
29.0107
28.6301
28.42
28.42
27.7711
27.7711
28.9618
28.7995
28.8803
29.4237
29.8723
30.1952
29.2108
29.2108
29.2108
28.7161
27.5407
26.1918
26.2664
25.9998
26.3017
25.6645
24.9421
24.2612
24.2612
23.7669
23.412
23.8135
22.1772
22.1772
22.1056
21.9651
21.9651
21.8235
21.8235
21.8235
21.3653
21.3653
21.3653
20.6197
20.6197
21.0834
21.714
21.714
20.3194
20.1273
18.9151
17.9927
17.9927
17.9927
17.7514
17.7514
17.3422
17.2625
17.2625
17.2625
17.2244
17.0876
17.4134
16.0545
15.9756
16.1787
16.1787
14.7427
13.5107
13.5107
13.5478
13.018
12.5326
12.596
12.1232
13.3016
12.349
11.4946
12.4307
12.4307
12.4307
12.4307
12.4307
11.413
10.5849
10.5977
9.63152
9.76448
9.33038
9.33038
10.4018
10.4018
10.8221
10.8221
11.175
11.175
10.3659
10.2477
10.1489
10.1489
10.3362
9.53078
9.53078
9.53078
9.34474
9.10741
9.10741
9.00627
9.00627
9.00627
9.00627
9.28002
9.28002
7.96478
6.92
7.49105
7.28953
7.84983
7.84983
6.58866
6.07904
6.14582
5.54201
5.54201
4.52096
3.72269
3.44128
3.44128
3.34055
3.66621
4.90992
4.90992
4.47629
4.47629
4.25718
3.77245
3.77245
3.54651
2.78588
3.34986
3.34986
2.36297
1.82924
2.03172
3.21373
3.33511
3.57441
4.12834
4.12834
2.94298
2.94298
2.94298
2.11089
1.19231
1.19231
0.925571
1.35863
1.45592
1.36651
1.15144
1.15144
0.828395
0.572412
0.572412
0.572412
0.816868
0.816868
0.695941
0.695941
0.695941
0.695941
0.695941
1.00317
1.00317
1.26421
1.26421
1.26421
1.38976
2.42069
2.42069
2.12524
2.12524
2.12524
2.65005
2.65005
2.89912
3.27987
3.27987
3.32559
2.46515
2.46515
2.54128
2.54128
2.54128
1.44727
1.44727
0.858468
0.62798
0.62798
0.731049
0.731049
1.1675
1.1675
1.1675
1.1675
1.1675
1.1675
0.804692
0.804692
0.804692
0.804692
0.804692
0.804692
0.860955
0.894453
0.894453
0.894453
0.840607
0.840607
0.840607
0.59653
1.16057
0.9726
0.9726
1.50226
1.50226
1.50226
1.50226
1.50226
1.78768
2.15708
2.30846
2.30846
2.30846
2.24589
2.24589
1.55052
1.55052
1.69496
1.69496
1.0867
1.12135
1.12135
1.12135
0.839909
0.799151
0.799151
0.714916
0.714916
0.714916
2.13132
2.13132
2.13132
2.03696
2.44699
2.24771
2.24771
3.50874
2.65194
2.65194
2.31586
2.37881
1.79949
1.79949
1.25951
1.38695
1.38695
1.38695
1.38695
1.38695
1.84925
1.84925
1.84925
1.84925
1.84925
1.84925
1.84925
1.84925
1.26461
1.26461
1.29196
1.29196
0.885009
0.803694
0.91833
0.91833
0.758447
0.758447
0.758447
1.03439
1.03439
1.09403
1.09403
0.625409
0.625409
0.753522
0.753522
0.753522
0.762856
0.762856
0.762856
0.762856
0.762856
0.762856
0.762856
0.762856
0.762856
1.79261
1.22145
0.992829
1.01254
1.01254
1.01254
1.01254
1.01254
1.1956
0.978219
0.915953
0.915953
0.915953
0.915953
0.915953
1.81691
1.81691
2.22419
2.22419
2.84482
2.53595
1.90764
2.14277
2.31659
2.31659
2.31659
2.31659
2.17907
2.17907
2.1845
2.1845
2.13015
2.20466
2.20466
2.20466
1.306
1.306
1.306
0.801628
0.801628
1.06527
0.747364
0.658888
1.646
2.25152
2.25152
2.2371
1.90832
1.37329
0.68233
0.68233
0.68233
1.38448
0.47118
0.47118
1.04348
1.04348
1.50463
1.26919
1.04437
1.04866
1.04866
1.80286
1.81323
1.81323
0.958765
0.958765
1.04492
0.78071
1.23071
1.23071
1.23071
0.912814
0.912814
0.39034
0.39034
0.39034
1.32545
1.41389
1.41389
1.41389
1.41389
0.961001
0.961001
0.961001
0.961001
1.63635
1.63635
2.76504
2.76504
3.21393
3.21393
3.60338
3.45831
3.45831
3.45831
3.45831
3.45831
3.1522
3.1522
3.1522
2.9711
2.89421
2.53188
2.53188
2.53366
2.53366
2.80722
3.14421
2.73523
2.83071
1.86798
1.86798
1.86798
1.86798
1.86798
1.86798
1.81049
1.81049
1.70132
1.25314
1.25314
1.25314
1.28604
0.912219
1.18846
1.18846
0.686354
0.276548
0.276548
0.276548
1.05271
1.05271
0.381906
0.334014
0.334014
0.334014
0.334014
1.1202
0.859813
1.6708
1.6708
1.6708
1.6708
1.61365
1.61365
1.20189
1.20189
1.20189
0.819433
0.912483
0.532184
0.532184
0.532184
1.19896
1.19896
1.19896
1.22119
1.22119
1.50656
1.50656
1.50656
1.92461
1.90186
1.64885
1.64885
1.64885
1.69213
1.69213
1.69213
1.01393
1.01393
1.01393
0.963127
0.801353
0.801353
0.801353
1.18391
1.18391
0.950322
0.30591
0.30591
0.30591
1.01206
1.39017
0.213123
0.213123
0.213123
0.213123
1.26917
1.09557
1.09557
1.40154
1.40154
1.40154
1.40154
1.22292
1.22292
1.01663
1.01663
1.01663
1.01663
1.01663
0.788859
0.788859
0.788859
0.788859
0.738325
0.738325
0.738325
0.738325
0.738325
0.738325
0.738325
1.04232
1.47909
2.22526
2.22526
2.22526
2.22526
1.62662
1.66811
1.66811
1.63063
2.46412
2.91278
4.32228
4.49059
4.59561
4.83104
4.83104
4.83104
4.32456
4.32456
4.32456
4.32456
4.26821
3.76181
3.76181
3.76181
3.47099
3.51064
3.51064
3.51064
2.55539
2.55539
2.55539
3.73121
3.79114
2.61909
3.27885
3.34641
3.1395
2.89055
1.79807
1.79807
1.33542
0.570381
0.456054
0.456054
0.456054
0.456054
0.456054
0.456054
0.456054
0.456054
0.456054
0.456054
0.456054
1.1618
1.0613
0.496393
0.496393
0.496393
0.822458
0.822458
0.864259
0.864259
0.755325
0.755325
0.755325
0.776452
0.776452
1.39497
0.716164
1.22263
1.22263
1.49902
1.49902
1.49902
1.49902
1.77412
1.77412
1.85143
1.88214
1.88214
1.774
1.774
1.774
1.774
1.774
1.9363
1.6212
1.27988
1.27988
0.60632
0.942264
0.942264
0.942264
0.942264
0.942264
0.942264
0.942264
0.942264
0.942264
0.733169
1.06879
1.06879
1.28271
0.569989
0.569989
0.569989
0.686098
0.54021
0.54021
1.65512
1.61384
2.00815
2.00815
2.00815
2.00815
1.61988
1.61988
1.25856
1.25856
1.01956
1.01956
1.95827
1.7527
2.06748
2.06748
2.37034
2.59327
1.38465
1.51969
1.51969
0.66064
0.66064
0.66064
1.784
1.784
1.784
1.784
1.784
1.784
1.72922
0.910893
0.957771
0.957771
0.794019
0.794019
1.06077
1.06077
0.824053
0.824053
1.42713
0.498889
0.498889
0.498889
0.498889
0.498889
0.498889
0.498889
0.498889
1.18195
1.18195
1.18195
1.18195
1.41506
2.07605
2.02475
2.02475
2.44718
2.44718
2.50142
1.34374
1.34527
1.46762
0.673282
0.651069
0.651069
0.651069
0.651069
0.846476
1.72007
1.72007
1.04435
1.04435
1.04435
1.18675
1.18675
1.18675
1.18675
2.4864
1.73111
0.896625
0.896625
0.934524
0.934524
0.934524
0.629474
0.629474
0.629474
0.629474
0.629474
0.629474
0.629474
0.629474
0.629474
0.629474
0.629474
0.600206
0.600206
0.600206
0.600206
0.600206
0.600206
0.722668
0.722668
0.722668
0.85602
0.85602
0.591548
0.960934
0.985825
0.484035
0.484035
0.484035
0.484035
0.756718
0.756718
0.756718
1.17117
1.66627
2.27941
2.11856
1.84838
1.84838
1.84838
1.84838
1.84838
1.92424
1.92424
1.5628
0.922535
0.922535
0.922535
0.922535
0.922535
0.922535
0.602311
0.602311
0.930223
0.930223
0.930223
0.930223
0.930223
1.3706
1.3706
1.53033
1.53033
1.19281
1.19281
0.630912
0.630912
0.516829
0.516829
0.516829
0.516829
0.516829
0.516829
0.812888
1.78404
1.78404
1.16222
1.16222
1.12836
1.60953
2.21823
2.04263
1.83226
1.83226
1.83226
2.46831
2.46831
2.46831
2.28482
1.99889
2.12146
2.19194
2.02915
0.830595
1.58106
1.98089
1.98089
2.30209
1.19611
0.765248
0.720085
0.720085
0.720085
0.720085
0.227137
0.227137
1.35195
1.35195
1.35195
1.35195
1.35195
1.35195
1.26901
1.26901
1.26901
2.06412
2.06412
1.06612
1.28315
2.3049
2.65077
2.36583
2.88249
2.85533
2.85533
2.85533
2.85533
2.85533
3.59725
2.72154
1.50562
1.16343
1.16343
1.12841
0.901978
0.901978
0.901978
0.901978
0.668939
1.78629
1.78629
1.78629
1.81099
1.64268
1.64268
1.64268
0.821263
1.13192
1.13192
1.13192
1.27765
1.27765
1.27765
1.92851
0.998301
0.998301
0.998301
0.998301
0.972835
0.972835
0.45521
0.45521
0.45521
0.45521
0.45521
0.45521
0.45521
0.45521
0.45521
1.18493
0.717889
0.717889
0.717889
0.717889
0.717889
0.717889
0.717889
0.806622
1.26425
0.587554
1.6076
1.6076
1.72803
1.72803
1.72803
1.72803
1.83933
2.0632
2.0632
2.0632
1.83654
1.5783
2.03506
1.52303
1.55154
1.97124
1.97124
2.8348
2.8348
2.46969
2.46969
2.72059
2.72059
2.72059
2.72059
1.89324
1.89324
2.01708
1.58288
2.05001
2.05001
2.05001
2.05001
1.87644
1.87644
1.87644
2.19174
1.26771
1.39051
1.95215
1.33366
1.30186
1.30186
1.54788
1.1681
1.72596
1.72596
1.72596
1.43269
1.43269
1.32723
0.826131
2.19304
1.14887
1.14887
1.77557
1.83627
2.35422
1.34576
1.06502
1.06502
1.06502
1.06502
1.46576
1.13417
1.13417
1.13417
1.13417
1.12787
1.12787
1.12787
1.12787
2.18157
2.18157
1.53566
1.53566
1.51452
1.51452
1.49293
1.60238
1.60238
0.509141
0.580732
0.580732
0.846852
0.846852
0.846852
1.86867
0.693127
0.693127
0.693127
0.791655
0.756384
0.756384
0.19557
1.12115
0.735992
0.735992
0.735992
0.735992
1.72738
1.72738
1.57768
1.96542
1.96542
1.14072
1.09128
1.53161
1.53161
1.40047
0.690826
0.690826
0.690826
0.238248
0.238248
0.238248
0.238248
0.238248
0.238248
0.238248
0.238248
0.238248
0.498903
0.498903
0.498903
0.498903
0.498903
0.498903
0.498903
0.498903
0.498903
0.498903
0.498903
0.498903
0.822725
0.880448
0.880448
0.880448
0.901992
1.30831
1.30831
1.30831
1.55892
1.55892
1.73761
1.73761
1.73761
1.73761
1.73761
1.73761
1.73761
1.73761
1.4557
1.38267
1.43262
1.43262
2.11237
2.49776
2.49776
1.92498
2.65643
2.65643
2.16823
2.16823
2.16823
1.51855
1.51855
0.504175
1.47217
2.18576
2.18576
1.57418
1.57418
2.07029
2.07015
1.88567
2.03737
2.03737
1.24948
1.94182
1.4695
1.4695
1.24663
1.24663
1.01606
1.45998
1.87078
1.87078
1.87078
1.87078
1.87078
1.26198
1.26198
0.717414
0.717414
0.717414
0.717414
0.717414
0.717414
0.717414
1.1941
0.757301
0.757301
0.757301
0.757301
0.757301
0.757301
0.757301
0.661493
0.661493
0.661493
0.661493
0.661493
1.06474
1.23188
1.23188
1.23188
1.89107
1.83573
1.83573
1.83573
2.09578
3.05729
3.05729
3.05729
3.05729
3.09123
3.53205
3.53205
3.53205
3.53205
3.44041
3.52649
3.52649
3.52649
3.52649
3.52649
3.52649
3.52649
2.79795
1.09188
1.09188
1.09188
1.09188
1.32093
1.3217
1.3217
0.79427
0.847639
1.44161
1.40879
0.994422
0.994422
0.724871
0.724871
0.724871
1.72653
1.88793
1.88793
1.24976
1.24976
1.24976
1.24976
1.24976
2.38545
2.45666
1.72432
1.72432
1.74863
1.74863
1.74863
1.74863
1.74863
1.74863
2.46087
2.56545
2.68373
3.30205
3.30205
3.30205
3.0171
3.0171
3.0171
2.45627
2.45627
2.45627
2.61115
2.1993
2.1993
1.59772
1.70938
1.70938
1.70938
1.70938
1.70938
1.70938
1.70938
1.70938
1.70938
1.70938
2.42536
2.20822
2.20822
1.85011
2.06468
1.87542
1.87542
1.36565
1.36565
2.18867
1.97897
1.97897
1.59787
0.858436
0.858436
0.858436
0.578916
0.582142
0.582142
0.584842
1.12004
0.74365
0.74365
0.74365
0.74365
1.33132
1.33132
1.33132
1.33132
1.33132
1.33132
1.33132
1.33132
1.9925
2.09388
2.09388
1.72918
1.72918
1.54033
1.54033
1.54033
1.54033
0.769025
0.857072
0.801006
0.801006
0.801006
0.801006
0.950257
0.950257
0.950257
1.3296
1.3296
1.3296
2.10026
2.24122
1.73955
1.73955
1.73955
0.913384
0.913384
0.913384
0.913384
2.03298
0.945728
1.4949
1.4949
1.8664
1.8664
1.8664
1.8664
0.397601
0.914976
0.983564
0.983564
0.983564
0.656557
1.23413
0.289117
0.289117
0.136139
0.136139
0.136139
0.136139
0.136139
0.136139
0.136139
0.136139
0.136139
0.136139
0.136139
0.136139
1.04167
1.04167
1.04167
1.04167
1.46486
1.46995
1.80939
1.80939
2.46453
2.46453
2.46453
2.71718
2.7602
2.30442
3.09891
2.82795
2.93988
2.93988
2.93988
2.61752
3.46483
2.99237
1.93032
1.83535
1.83535
1.78808
1.78808
2.68436
2.78403
2.79108
2.35653
1.5166
1.5166
1.4532
1.4532
1.4532
0.820394
0.99715
0.749623
0.749623
1.12597
1.64995
1.87306
2.4068
2.71294
2.43645
3.36661
3.36661
3.36661
2.85782
2.85782
2.85782
2.58867
2.58867
1.48323
1.4558
1.20099
1.29881
1.46917
1.46917
1.5394
1.0965
1.0965
1.16859
1.16859
0.10582
0.10582
0.10582
0.10582
0.10582
1.15633
1.15633
1.57061
1.57061
1.56134
2.34082
1.99446
1.99947
1.99947
1.96998
1.31486
1.83312
2.18855
1.33183
1.33183
1.33183
2.0229
1.37692
1.60423
1.54896
1.96532
2.1044
1.94519
1.94519
2.24491
1.46376
1.74656
2.49297
2.49297
2.49297
2.0016
1.50725
1.65327
1.65327
1.40677
1.59102
2.09999
2.18685
2.5756
2.978
2.978
2.00219
2.00219
1.75386
1.85732
1.13348
1.13348
1.13348
1.2675
1.2675
1.20123
0.832314
0.832314
1.01698
1.01698
1.01698
1.20889
1.23456
1.23456
1.23456
1.03183
0.996434
0.996434
0.996434
0.996434
0.996434
1.12101
1.14976
1.14976
1.14976
1.09629
1.09629
0.691153
0.691153
0.691153
0.691153
0.691153
0.691153
1.04893
0.416628
0.416628
0.416628
0.416628
0.765077
0.765077
0.765077
0.990505
0.990505
1.24738
1.24738
1.48887
1.48887
1.48887
1.54967
1.54967
1.54967
0.614463
0.614463
0.614463
0.614463
0.614463
0.614463
0.324833
0.324833
0.324833
0.324833
0.324833
0.669131
0.669131
1.40321
1.20422
1.20422
1.20422
1.65838
1.65838
1.65838
1.97163
2.88799
2.88799
2.88799
2.86124
3.24666
3.24666
2.63659
2.08483
2.08483
2.32351
2.7705
2.25413
2.25413
1.44692
1.44692
1.10785
1.10785
2.33934
2.33934
2.33934
2.33934
2.33934
2.04195
1.07156
1.07156
1.01526
1.01526
2.02492
2.02492
2.02492
2.18373
2.18373
2.11335
2.80259
3.18355
3.33886
3.33886
3.33886
2.29895
2.63147
2.63147
2.44694
2.63306
1.56324
1.56324
1.56324
0.896248
0.896248
2.04993
1.09162
1.09162
1.09162
1.09162
1.09162
2.12557
1.30388
1.89392
1.89392
2.61264
2.9489
1.80632
1.80632
1.80632
1.80632
1.39707
1.39707
1.39707
1.39707
1.39707
1.39707
1.39707
1.39707
0.960302
0.651235
0.651235
0.651235
0.651235
0.651235
0.651235
0.651235
0.651235
0.830656
0.830656
0.830656
0.830656
0.830656
0.830656
0.830656
0.573247
0.573247
0.573247
0.573247
0.573247
0.573247
1.03359
0.924175
1.55085
1.55334
1.62388
1.62388
1.62388
1.54462
1.2995
1.76592
1.24174
1.04725
1.04725
1.04725
1.15499
0.783681
0.704369
0.704369
1.42295
0.487765
0.487765
0.487765
0.396364
0.396364
0.585029
1.4016
1.4016
1.4016
2.70976
2.53642
2.53642
2.53642
2.53642
2.83502
2.83502
2.83502
2.21337
2.18976
1.82131
1.91518
1.71995
2.53419
2.5224
2.89514
2.44221
2.44221
2.2873
2.72501
3.45071
3.51396
3.3692
2.60097
2.1409
2.1409
2.12034
2.12034
1.75567
0.914816
0.914816
0.914816
1.29306
0.755395
0.755395
0.755395
0.653961
0.871061
0.871061
0.871061
0.736946
0.95791
0.95791
1.13475
1.13475
1.13475
0.918548
1.87178
1.87178
1.87178
1.22351
1.22351
1.22351
0.961223
0.437109
0.437109
1.04117
1.04117
1.04117
1.04117
1.05282
1.05282
1.14894
0.717564
0.717564
0.717564
0.717564
0.717564
0.717564
0.89041
0.740262
1.37274
1.37274
1.37274
0.783301
0.783301
0.783301
0.783301
0.783301
0.950589
0.919619
1.38618
0.945932
1.43366
1.07343
1.07343
1.07343
0.595634
0.595634
0.595634
0.595634
0.595634
0.747438
0.747438
0.640611
0.640611
1.15698
0.636383
0.636383
0.636383
0.893528
0.983907
0.983907
0.983907
0.627335
0.627335
0.627335
1.08894
1.08894
1.08894
0.415216
0.513196
0.966431
0.966431
0.966431
0.906374
0.906374
1.82831
1.82831
1.81912
1.81912
2.83616
2.83616
2.83616
2.83616
3.29896
3.44151
2.27859
2.27859
1.7219
2.29301
1.44806
1.1285
1.97779
2.27064
3.4093
3.72178
3.72178
3.40793
3.40793
2.85882
1.88553
1.47814
2.04138
2.49528
2.32069
2.32069
4.03373
4.03373
4.03373
4.06957
4.02231
4.02231
4.02231
4.02231
4.02231
4.30924
3.97911
3.97911
2.65526
2.30623
2.30623
2.30623
1.44611
1.39901
1.39901
1.91354
1.91354
1.91354
1.91354
1.91354
1.97443
2.23802
2.23802
2.23802
2.12751
1.55714
1.56397
1.56397
1.56397
1.56397
1.56397
2.70154
2.70154
2.70154
2.70154
2.09407
1.2506
1.03326
1.03326
0.136736
0.136736
0.136736
0.136736
0.136736
0.136736
0.136736
0.136736
0.136736
1.6815
1.6815
1.6815
1.6815
1.7278
1.15043
1.15043
1.15043
2.45513
1.59507
1.25832
1.67155
1.67155
1.91141
2.97108
2.43567
2.43567
2.20943
2.20943
1.96721
1.96721
1.96721
1.96721
3.29752
3.29752
3.29752
3.29752
4.4984
4.18577
3.53571
3.5676
3.59438
2.61475
2.10019
2.10019
1.32279
1.4215
0.444899
0.444899
0.630823
0.630823
0.630823
0.630823
0.826456
0.38505
0.38505
0.38505
0.38505
0.38505
1.03588
1.03588
1.03588
1.2912
1.2912
1.2912
0.8583
0.8583
0.8583
0.8583
0.8583
0.953576
0.953576
0.953576
1.08866
1.08866
1.08866
0.859931
0.859931
0.872769
0.872769
0.872769
0.872769
0.872769
1.45663
1.381
1.381
1.36822
2.09484
2.09484
1.60314
1.2304
1.37774
0.416686
1.64175
2.20448
2.20448
1.51074
1.51074
1.97789
1.86516
1.64889
1.64889
1.71819
2.30017
2.30017
2.24687
1.50598
1.50598
0.601637
0.601637
0.743664
0.743664
0.743664
0.743664
0.743664
0.743664
0.299267
0.523631
0.523631
0.523631
0.523631
1.07029
1.29826
1.82291
1.87842
1.00058
0.872796
0.872796
0.872796
0.872796
0.872796
0.665491
0.665491
0.665491
0.665491
0.665491
0.665491
1.49008
2.08365
2.08365
1.87312
1.87312
1.87312
1.87312
1.87312
1.87312
1.87312
1.87312
1.87312
1.87312
1.87312
2.20561
2.20561
1.32431
1.59896
1.59896
1.59896
1.61817
1.61817
1.61817
1.47979
1.47979
1.74862
1.56874
1.56874
1.14287
1.14287
0.678153
0.678153
0.678153
0.678153
0.678153
0.678153
0.824509
1.75042
1.75042
1.32496
1.98178
1.98178
1.98178
1.98178
1.98178
1.98178
1.98178
1.86355
2.43953
2.84063
2.85399
2.85399
2.85399
2.75476
3.22622
4.1126
4.1126
3.44635
2.91642
2.49018
2.28379
2.28379
2.28379
2.343
2.45018
2.71371
3.33049
3.26966
3.87255
3.62282
2.82621
2.82621
2.82621
1.99274
2.35367
2.35367
1.21223
1.57452
0.906126
2.04067
2.76028
2.76028
2.83679
2.83679
1.93625
1.80927
0.876198
1.77514
1.02724
1.6831
1.6831
1.6831
1.6831
1.6831
1.6831
1.55951
1.55951
1.93838
1.93838
2.2917
1.25272
0.154954
0.154954
0.154954
0.154954
0.687017
0.687017
0.786708
0.786708
0.786708
0.786708
0.30742
0.30742
0.30742
0.30742
1.08375
1.78893
1.78893
1.78893
1.78893
1.78893
1.47371
1.47371
1.47371
1.64748
1.64748
1.35243
1.35243
0.531946
1.5383
2.26729
1.45692
0.914319
0.659901
0.659901
0.659901
0.659901
0.659901
0.849156
0.849156
0.911233
0.911233
0.655516
0.655516
0.655516
0.655516
0.655516
0.655516
0.655516
0.655516
0.655516
0.655589
0.825642
0.825642
1.09399
0.796004
0.778652
0.778652
0.778652
1.30496
1.30496
1.30496
1.96002
1.572
0.444967
0.444967
0.444967
0.444967
0.444967
0.444967
0.735006
0.658458
1.41971
1.41971
1.82895
2.67825
2.36433
2.36433
2.26868
1.56762
0.569382
0.841886
0.841886
0.841886
0.841886
0.460641
0.460641
1.01727
0.661819
0.661819
0.684211
0.684211
0.684211
0.684211
0.684211
0.684211
0.322565
0.322565
0.322565
0.915453
1.14944
0.967415
0.967415
0.967415
1.25496
1.25496
1.2445
1.2445
1.2445
1.2445
1.2445
0.666588
0.666588
0.605188
1.56275
2.33756
2.33756
2.33756
2.05021
2.05021
2.05021
2.05021
2.05021
2.05021
2.05021
1.59641
1.59641
1.59641
1.86803
1.86803
1.9254
1.47945
2.67857
1.74631
1.65347
1.65347
2.23286
1.68771
1.77949
0.377702
0.377702
0.377702
0.377702
0.377702
0.377702
0.377702
0.377702
0.377702
0.377702
0.377702
0.377702
0.377702
0.661217
0.241426
0.241426
0.833142
0.833142
1.5924
1.5924
1.60883
1.60883
2.13091
1.61445
1.61445
1.68978
1.8059
2.29914
1.76649
1.76649
1.74819
1.54121
1.54121
2.58057
2.33568
2.33568
2.33568
2.65398
2.65398
2.61471
2.91525
2.61069
2.34024
2.34024
1.52672
1.52672
1.52672
0.50736
0.50736
0.50736
0.50736
0.665984
0.665984
0.665984
0.665984
0.665984
0.665984
0.665984
1.26157
0.974409
0.974409
0.974409
0.974409
0.974409
0.94856
0.94856
0.94856
0.94856
0.94856
0.838203
0.564723
0.817337
0.817337
0.817337
1.30798
1.40983
1.58363
1.89121
0.890787
0.890787
0.890787
0.890787
0.890787
1.00829
1.00829
0.912461
1.55044
1.76209
1.76209
1.76209
0.841539
1.0648
1.27635
0.477622
0.477622
0.477622
1.58472
1.58472
0.678883
0.678883
0.678883
0.678883
0.678883
0.678883
1.55867
1.59626
0.688971
0.822822
0.683523
0.683523
0.683523
0.683523
0.683523
0.712879
0.712879
0.712879
0.712879
0.712879
0.588563
0.588563
0.588563
0.588563
0.588563
0.588563
0.588563
0.588563
0.588563
0.588563
0.588563
0.588563
0.588563
0.588563
0.588563
0.588563
0.588563
0.588563
0.588563
1.14673
1.14673
1.14673
0.726633
0.726633
0.726633
1.05654
1.49952
2.4443
3.17798
3.43209
3.69
4.11407
4.16334
4.16334
4.16334
3.99184
3.99184
3.99184
3.68993
3.68993
4.27133
4.27133
4.27133
4.27133
4.27133
4.27133
3.59906
2.42109
2.39023
2.46083
1.45454
1.45454
1.29117
1.29117
1.84908
1.5131
1.5131
1.5131
1.14175
1.14175
1.60726
2.00411
2.54797
1.85484
1.76222
1.76222
1.76222
1.64847
1.79337
2.07796
1.92908
1.92908
1.7548
1.9565
1.21175
1.76373
1.76373
1.76373
2.80402
2.06817
2.55915
2.55915
2.55915
2.83376
2.61689
2.61689
2.33266
4.09852
4.09852
4.25911
4.25911
3.17836
3.17836
3.17836
2.17112
1.46442
0.59749
0.59749
0.59749
0.518396
0.518396
0.518396
1.01649
1.01649
1.01649
0.766184
0.766184
0.530735
0.530735
1.52574
0.753516
0.753516
0.734277
0.734277
0.734277
0.58514
0.375647
1.04334
1.07721
1.07721
1.5451
1.5451
1.28931
1.28931
2.1755
1.61826
2.1683
1.93529
1.93529
1.9735
3.24852
2.11104
2.11104
1.78666
1.78666
1.78666
2.08757
2.03942
2.03942
1.39139
1.85079
1.85079
2.94341
2.18034
2.10889
2.10889
2.25217
2.25217
2.04913
2.45476
2.66195
1.36275
1.56897
1.63089
1.63089
1.58268
1.6888
2.40676
2.36727
2.36727
1.91617
2.01813
2.01813
1.99345
2.22575
2.22575
1.69754
1.60159
1.66992
1.52625
1.52625
1.16548
1.16548
1.16548
1.16548
1.08885
1.08885
1.08885
1.08885
1.08885
1.08885
1.08885
1.89641
1.03238
1.03238
1.03238
1.03238
0.715767
0.89437
0.89437
0.89437
0.606824
0.606824
0.606824
0.675405
0.675405
0.675405
0.675405
0.675405
0.675405
0.675405
0.86472
0.86472
1.01581
1.01581
1.01581
1.01581
1.01581
1.01581
2.20691
2.20691
2.20691
2.20691
2.20691
2.08035
2.08035
2.08035
2.08035
2.08035
2.08035
1.38638
1.38638
1.38638
1.38638
1.38638
1.88273
1.57834
1.79773
1.5993
1.82688
1.82688
1.82688
1.74431
1.70597
1.70597
2.0253
1.75376
1.75376
1.75376
2.54763
2.58749
2.14885
2.63283
2.63283
2.63283
2.63283
2.63283
2.47935
2.47935
1.95313
1.95512
1.95512
1.95512
1.95512
1.95512
1.76417
1.76417
1.64423
1.58751
1.94045
1.06248
1.06248
1.06248
0.804714
0.804714
1.14842
1.14842
0.768271
0.768271
0.768271
0.768271
0.768271
0.768271
0.768271
0.768271
0.768271
0.986144
1.67272
1.67272
1.67272
2.29277
2.04837
2.04837
2.09556
1.61461
1.61461
1.88104
1.83496
1.83496
1.78773
3.41445
3.41445
2.88525
2.56495
1.74178
1.74178
1.74178
1.7501
1.04515
1.04515
1.16714
0.596901
0.596901
0.596901
0.540791
0.540791
0.540791
0.540791
0.540791
0.540791
0.280754
0.280754
0.280754
0.280754
0.280754
0.280754
0.280754
0.280754
0.280754
0.327984
0.327984
1.20588
1.20588
1.20588
1.60147
1.38476
1.38476
1.38476
1.38476
1.38476
1.34919
1.7652
1.7652
2.38794
2.42857
3.21166
3.21166
3.89352
3.89352
2.99743
2.71413
3.11653
3.11653
3.11653
3.11653
3.11653
2.57353
2.57353
2.65981
2.2257
1.30335
1.30335
1.20349
1.20349
1.11569
1.39358
2.03172
1.64146
1.64146
2.14226
2.12275
2.12275
2.12275
2.12275
1.76493
1.76493
1.44208
1.44208
1.51294
1.05242
1.05242
1.16555
0.76337
0.76337
0.76337
0.665434
0.665434
0.665434
0.665434
0.665434
0.665434
0.665434
0.683106
0.636522
0.636522
0.636522
0.636522
0.636522
0.636522
0.636522
0.636522
0.636522
0.636522
0.636522
0.636522
0.636522
1.31314
1.47899
1.47899
1.76029
2.57739
2.57739
1.57779
1.87881
1.87881
2.02632
2.02632
1.92018
3.01082
3.01082
3.01082
3.01082
3.01082
3.01082
3.01082
3.01082
2.90603
2.79696
2.79696
3.00908
3.00908
3.00908
3.36048
3.36048
2.28596
2.28596
1.61032
1.62869
2.38858
0.802051
1.52269
0.87006
1.78733
0.861429
0.861429
0.861429
0.861429
0.861429
1.08824
1.08824
1.08824
1.08824
1.30962
1.30962
1.30962
2.32372
2.08223
2.12625
2.12625
2.84112
2.84112
2.31176
2.04198
3.48396
3.48396
3.66744
3.66744
3.94657
3.07641
2.44784
2.44784
2.95786
2.95786
2.95786
2.89123
2.61797
2.61797
2.61797
3.0701
3.0701
2.60349
2.60349
2.27672
2.27672
1.03984
0.602309
0.738131
1.09476
1.65607
2.02798
1.58122
0.997757
0.997757
1.39629
1.57553
1.57553
1.57553
1.71617
1.71617
2.2327
1.5355
1.5355
1.5355
1.97061
1.97061
1.62815
2.20423
2.20423
2.20423
2.06288
2.06288
2.06288
1.89813
1.85785
1.85785
1.71555
0.395321
0.395321
0.395321
0.905135
0.907462
1.05754
0.885427
1.52671
1.52671
1.52671
0.582314
0.61296
0.586738
1.01411
1.07064
0.858273
1.53068
1.53068
1.53068
1.53068
1.53068
1.58474
1.58474
1.91088
1.28839
1.28839
2.02308
2.02308
2.02308
2.02308
1.9666
1.9666
1.9666
1.9666
1.9666
1.9666
1.9666
1.29591
1.29591
0.835822
0.762286
1.08552
1.08552
0.98158
0.98158
0.657537
0.657537
0.657537
0.657537
0.657537
0.657537
0.657537
0.657537
0.657537
0.657537
0.657537
0.657537
0.657537
0.657537
1.63345
1.40156
1.40156
1.47081
1.65748
1.65748
1.52428
1.70096
1.70096
1.70391
0.667011
0.667011
0.667011
0.667011
0.667011
0.667011
1.35514
1.61365
1.61365
1.11209
0.916754
0.7588
0.7588
0.7588
0.7588
1.1456
1.1456
1.24576
1.3606
1.3606
1.3606
0.423448
0.423448
0.423448
0.423448
0.423448
0.423448
0.423448
0.423448
0.423448
0.423448
0.392848
0.911467
0.841298
0.841298
1.47975
1.94828
1.13122
1.13122
1.14056
1.14056
1.14056
1.14056
0.889824
0.889824
0.889824
0.889824
1.14347
1.14347
1.07658
1.07658
1.07658
0.273681
0.273681
0.998879
0.998879
0.954347
0.954347
2.12331
2.43628
1.98448
1.98448
1.34005
1.34005
1.34005
0.680332
0.778941
0.778941
0.778941
0.778941
0.778941
0.778941
0.668268
0.668268
0.668268
0.668268
0.717391
0.717391
0.717391
0.717391
0.717391
0.717391
0.717391
0.717391
0.717391
0.716168
1.2109
1.64823
1.64823
1.35703
0.881929
0.881929
0.968623
0.968623
0.968623
0.968623
1.26526
1.26526
0.580422
1.29063
1.29063
0.846784
0.698724
0.698724
0.698724
0.704878
0.704878
0.704878
0.704878
0.670831
0.670831
0.670831
0.670831
1.02308
1.09802
1.09802
1.09802
0.98938
0.787623
0.531579
0.531579
0.505642
0.505642
1.391
2.2013
2.2013
3.18557
3.77813
3.07294
2.68846
2.68846
2.54904
1.61192
1.11954
1.06223
0.444081
0.444081
0.444081
0.444081
0.444081
0.638956
0.638956
0.638956
0.638956
0.760333
1.88697
1.10053
1.01096
1.01096
1.01096
1.80962
1.80962
1.80962
2.25215
1.08084
1.08084
0.835446
0.835446
0.876086
0.876086
1.42087
1.5037
1.5037
1.18626
1.18626
1.68262
1.68262
2.13748
2.13748
2.13748
2.45024
2.45024
2.65018
2.31864
3.03122
3.03122
2.29781
2.02278
2.02278
2.12779
2.12779
1.7394
1.7394
1.7394
1.36043
1.87414
1.75044
1.91085
1.91085
1.69966
0.516217
0.516217
0.516217
0.516217
1.13428
1.13428
0.920218
0.920218
0.920218
0.920218
1.04587
1.04587
1.04587
1.04587
1.04587
1.04587
1.04587
1.16705
1.16705
1.46261
1.46261
1.46261
1.528
1.528
2.50527
2.39544
3.14802
3.63494
3.63494
4.04277
4.04277
3.20453
3.20453
3.56642
4.39056
3.72287
3.20816
2.69368
3.51959
3.67231
3.67231
3.67231
3.56635
3.56635
3.56635
3.19274
2.32447
2.32447
2.65272
3.22214
3.22214
2.71806
2.71806
2.71806
2.66933
1.97505
1.78178
2.06182
2.06182
2.093
2.99757
2.69646
2.69646
2.69646
2.59421
2.59421
2.58508
2.58508
3.09481
3.09481
2.61767
2.53141
2.53141
2.93758
2.46031
2.46031
2.46031
2.46031
2.53664
2.53664
2.53664
1.84144
1.84144
1.84144
1.28804
0.97467
1.20045
1.20045
1.20045
1.23024
1.23024
1.23024
1.23024
1.23024
0.29081
0.978888
1.86119
1.9833
1.9833
1.9833
1.9833
2.59205
2.59205
2.77916
1.79049
1.79049
1.33851
1.83754
2.14668
2.59007
2.87712
2.87712
2.25228
1.61806
1.61806
1.09778
1.09778
1.09778
0.804374
0.804374
0.804374
0.526766
0.526766
0.526766
0.526766
0.526766
0.526766
0.716049
0.716049
0.951429
0.951429
0.459508
1.72322
2.1805
2.1805
2.1889
2.7767
3.21872
2.67056
1.47254
1.47254
1.47254
1.47254
1.47254
1.06761
1.04861
0.614114
0.614114
0.641291
0.641291
1.87234
1.87234
1.07849
2.01398
0.597525
0.597525
1.10759
1.10759
1.10759
1.10759
1.10759
1.24102
1.69054
0.822496
0.822496
0.822496
0.822496
0.822496
0.822496
0.822496
0.822496
0.521128
0.521128
0.521128
0.633084
0.633084
0.633084
0.633084
1.23009
1.00066
1.00066
1.00066
0.965239
1.07422
1.07422
0.788466
1.60909
1.60909
2.94097
2.94097
1.99598
1.6603
0.508786
0.772411
0.772411
0.772411
1.24189
0.927847
0.927847
0.927847
1.91191
1.10573
2.08114
2.25051
2.30751
2.30751
2.3863
2.9515
2.73099
2.73099
2.70427
2.10323
1.52326
1.20569
1.03201
1.03201
1.03201
1.53083
2.25029
2.25029
1.81752
1.98781
2.63785
2.63785
2.45409
1.81133
1.81133
1.19916
0.304201
1.14992
1.14992
1.14992
1.14992
1.14992
1.16748
1.16748
1.16748
0.749068
0.749068
1.08345
1.08345
1.92609
2.06336
2.06336
1.7303
1.7303
2.24275
2.24275
2.24275
1.26183
1.58156
1.58156
1.58156
1.58156
1.58156
1.16987
1.16987
1.16987
1.16987
1.48603
1.48603
1.48603
1.48603
1.63556
1.63556
2.79093
2.55947
2.55947
2.54103
2.54103
2.54103
2.30395
2.04517
1.80379
1.81572
1.81572
1.81572
1.81572
1.81572
1.81572
1.32927
1.32927
1.87062
1.49566
1.19136
1.19136
1.16865
1.16865
1.62762
1.62762
1.4738
1.27842
1.59456
1.59456
1.88293
1.85814
1.48685
2.2366
2.29193
2.54849
2.85496
3.0844
2.30958
2.30958
2.03518
2.03518
2.03518
2.03518
1.50487
1.51246
0.821807
0.821807
1.45396
0.661127
0.77519
1.239
1.239
1.239
1.1377
1.3955
0.62264
0.62264
1.54796
1.54796
0.616835
0.671695
0.671695
1.44863
1.44863
1.44863
0.493129
0.493129
0.493129
0.681463
0.681463
0.809931
0.809931
0.809931
0.809931
0.69997
0.69997
0.69997
0.69997
0.69997
0.832449
0.832449
0.519319
1.26049
1.26049
1.11294
1.11294
1.11294
1.79547
1.79547
0.874859
0.874859
0.874859
0.874859
0.874859
0.874859
0.766714
0.766714
0.766714
0.766714
0.766714
0.766714
1.08408
1.36822
2.56438
2.56438
2.23574
2.36496
2.36496
2.36496
2.20048
1.33071
1.33071
1.02411
1.02411
1.62318
1.06532
0.990801
0.521218
0.521218
0.521218
0.521218
0.521218
0.521218
1.39382
0.664232
0.664232
0.754951
0.754951
0.754951
0.754951
0.754951
1.21966
1.21966
1.86847
3.09105
3.09105
3.09105
3.16245
3.97661
3.6007
3.6007
3.39727
2.34163
2.34163
2.34163
2.34163
2.34163
2.53748
2.59948
2.59948
2.84408
2.83822
1.9971
1.96374
0.533283
0.533283
1.05509
1.02869
1.02869
1.51188
1.51188
1.51188
1.51188
1.51188
1.51188
1.55375
1.73435
1.73435
0.355535
0.355535
0.355535
0.355535
0.355535
0.355535
0.355535
0.355535
0.355535
0.646977
0.646977
0.646977
0.646977
1.47129
1.77749
1.77749
1.79813
2.02737
1.24985
1.41465
2.11103
3.10723
2.84073
2.67286
2.67286
2.49844
2.49844
1.6211
2.44595
2.44595
2.44595
2.44595
2.44595
1.57603
1.42022
1.21974
1.6919
1.6919
1.6919
0.89789
0.511635
0.511635
1.50417
1.37578
1.61021
2.36291
2.50591
2.50591
2.50591
2.50591
1.86878
1.86878
1.01734
1.01734
1.01734
0.836196
0.836196
0.836196
0.836196
1.1447
1.1447
1.1447
0.53288
0.53288
0.53288
0.53288
0.53288
0.928976
0.928976
1.4023
1.4023
1.95031
0.943108
0.943108
0.943108
1.30101
1.30101
1.30101
1.63973
1.2495
1.2495
1.2495
2.06431
1.85859
1.85859
1.75391
1.75391
1.58179
1.96365
1.41685
1.1115
1.14641
1.13831
1.13831
1.13831
0.410523
0.410523
1.00658
1.06606
1.54504
1.41953
0.547898
0.880354
0.880354
0.880354
0.603455
0.603455
0.603455
0.603455
0.603455
0.492121
0.492121
0.492121
0.492121
0.492121
0.492121
0.492121
0.492121
0.492121
0.492121
0.492121
0.492121
0.492121
0.432989
0.432989
0.432989
1.59518
1.39131
1.39131
1.10436
1.10436
1.10436
1.10436
1.10436
1.10436
0.991803
0.991803
0.991803
0.991803
1.03654
1.03654
1.26732
2.29382
2.29382
2.31487
1.52621
1.52621
1.33061
0.977187
0.543826
0.543826
0.543826
0.543826
0.426348
0.731305
0.731305
0.731305
0.40943
1.7996
1.92098
2.33341
2.33341
3.82257
4.13602
4.13602
3.58642
2.75449
2.75449
2.75449
2.98577
2.98577
3.22424
2.39987
1.92049
1.52558
1.52558
1.00927
0.821368
1.16751
1.16751
1.06191
1.35539
1.39259
1.39259
1.39259
1.39667
1.39667
1.39667
1.64557
1.38749
1.93333
1.93333
1.93333
1.93333
1.93333
1.93333
1.93333
2.72388
3.48691
2.5155
2.5155
1.26502
1.13294
0.81772
1.38539
1.38539
1.38539
1.38539
1.38539
1.0541
0.82425
0.82425
1.14179
1.14179
1.00081
0.835214
0.90595
0.90595
0.90595
0.90595
0.90595
0.757069
0.935087
0.902522
0.648584
0.648584
1.21691
1.21691
1.21691
1.99048
1.99048
1.99048
1.99048
1.25045
0.716289
0.716289
1.07773
1.07773
1.0437
1.0437
0.939867
0.939867
0.939867
1.42008
1.50349
1.63879
2.1158
2.60152
2.35595
2.35595
2.58687
2.07643
2.07643
2.07643
1.9973
1.36847
1.36847
1.36847
1.36847
1.36847
0.917402
0.917402
1.21688
2.34526
1.18961
0.996285
0.996285
1.58195
1.33294
1.49935
1.49935
1.49935
1.49935
1.49935
0.481273
1.12432
1.13863
1.18439
1.18439
1.84774
1.50627
1.20645
1.20645
1.20645
1.20645
1.20645
1.20645
1.20645
1.20645
1.20645
1.00458
1.00458
0.944656
0.944656
0.944656
0.944656
0.944656
0.944656
0.944656
0.944656
0.943235
0.943235
0.943235
1.22974
1.22974
1.07967
1.01038
0.64245
0.64245
0.64245
0.64245
0.518643
0.518643
0.518643
0.518643
0.518643
0.518643
0.421045
0.421045
0.421045
0.421045
0.421045
0.421045
0.421045
0.421045
0.421045
0.421045
0.421045
0.534641
0.534641
1.29312
1.95798
1.95798
2.12098
2.12098
2.58921
2.58921
1.63462
2.64251
1.88144
1.88144
1.42092
1.42092
0.63419
1.50981
2.02386
2.02386
2.78364
2.78364
2.37584
3.4019
3.70679
3.48846
3.62627
2.57578
1.98328
1.00878
0.996531
0.623022
0.574571
0.574571
1.33591
1.33591
1.33591
1.57316
0.777285
0.632016
0.632016
0.938928
0.76072
0.76072
0.76072
0.76072
0.76072
0.987313
0.987313
0.73549
0.73549
0.596084
0.596084
0.596084
0.596084
0.596084
0.596084
0.792504
0.426594
1.13911
0.677376
0.805903
0.805903
0.805903
0.805903
0.805903
0.889554
1.17699
1.17699
1.17699
1.17699
0.447846
0.447846
0.447846
0.447846
0.754397
0.754397
0.754397
0.754397
0.773249
0.773249
0.773249
0.773249
0.773249
1.60915
1.21932
1.07141
1.46549
1.46549
1.145
1.40221
1.40221
1.40221
1.40221
1.40221
1.32486
1.32486
1.32486
1.32486
1.32486
2.17758
2.27083
2.27083
2.27083
1.99848
1.99848
1.88833
1.88833
1.94228
1.94228
1.34582
1.34582
1.34582
2.06516
2.06516
2.52803
2.52803
2.44288
2.44288
2.44288
2.98362
2.55043
2.60848
2.32614
2.17703
1.36417
1.51939
1.51939
1.51939
1.51939
1.51939
1.17787
1.10975
1.10975
1.07565
1.07565
1.07779
1.1361
1.1361
1.1361
0.483967
0.483967
0.483967
0.446538
1.32512
1.32512
1.61825
1.61825
1.63326
1.63326
1.63326
1.63326
1.63326
0.577161
0.577161
0.577161
0.577161
0.577161
0.577161
0.577161
0.577161
0.577161
0.577161
1.43011
0.864935
0.864935
0.663155
0.663155
0.663155
0.663155
0.663155
0.663155
0.783189
0.783189
0.783189
0.783189
1.31839
0.741343
0.741343
0.741343
1.27118
0.633428
1.10181
1.10181
0.575538
0.575538
0.575538
0.575538
0.575538
0.575538
0.636026
1.28025
1.28025
0.78918
0.78918
1.17435
1.17435
1.9121
1.9121
1.9121
1.9121
1.9121
2.06775
2.06775
2.06775
2.37093
1.56485
1.56485
1.56485
1.56485
1.48432
1.48432
1.11357
1.11357
1.11357
1.18774
1.81913
1.81913
1.81913
2.84664
1.94152
1.94152
1.66405
1.54696
1.54696
1.59044
1.59044
1.2269
1.67815
1.67815
1.67815
1.67815
1.67815
2.07922
2.65918
2.52453
1.64597
1.4254
1.01912
1.4875
0.96855
0.843658
0.90783
0.90783
0.90783
0.90783
0.90783
0.90783
1.54029
1.52896
1.52896
1.54346
1.62835
1.53326
2.06695
2.06695
2.06695
2.06695
1.79415
1.28391
1.15752
0.863138
0.673589
1.26172
1.47754
1.47754
0.856917
0.856917
0.856917
0.856917
0.856917
0.627119
0.737372
0.737372
1.08473
1.08473
1.16632
1.66993
1.06858
1.06858
1.06858
1.06858
1.68202
1.83615
1.83615
1.83615
1.45247
1.45247
1.7318
1.7318
1.7318
1.7318
2.22812
1.00309
1.00309
0.81709
0.81709
0.81709
0.401591
0.401591
0.401591
0.401591
1.30105
1.44353
1.19558
1.19558
1.19558
2.42829
2.42829
1.50753
0.964075
1.6125
1.6125
1.44184
1.44184
1.44184
1.44184
0.98575
0.98575
0.98575
0.98575
1.4757
1.4757
1.4757
1.4757
1.4757
1.4757
1.4757
1.4757
1.4757
1.59521
1.59521
1.59521
0.554797
1.02173
1.45979
1.30364
1.65356
1.65356
1.99538
1.99538
1.99538
2.19834
2.50947
2.50947
2.50947
2.50947
2.16897
1.91705
1.07924
1.61236
0.976009
0.976009
0.477469
0.477469
0.477469
0.477469
0.477469
0.477469
0.477469
0.477469
0.477469
0.477469
0.62009
0.672288
0.672288
0.672288
0.862769
0.686614
0.686614
0.686614
1.49934
1.27274
1.27274
1.65373
1.65373
1.65373
1.65373
1.63391
1.71903
1.48665
1.48665
1.48665
1.20107
1.20107
1.12419
1.12419
1.12419
1.04989
1.04989
1.04989
1.04989
0.748067
1.40741
1.06719
1.06719
1.06719
1.06719
1.06719
0.378572
0.835738
0.835738
1.81996
1.41715
1.41715
1.31556
1.31556
1.21756
0.630914
0.630914
0.630914
0.630914
0.630914
1.05813
0.893309
0.893309
0.893309
0.893309
0.893309
0.733616
0.733616
0.733616
0.686246
0.686246
0.686246
0.686246
0.974909
1.54418
1.54418
1.54418
0.745343
0.745343
0.745343
0.745343
1.11278
1.04587
1.04587
1.55966
1.31059
1.31059
1.31059
1.85546
1.85546
2.49086
2.64232
1.93848
1.87692
3.03766
3.12524
3.12524
3.12524
2.42006
2.42006
2.75803
3.07025
3.07025
3.2885
3.2885
2.36937
2.36937
2.55573
2.22612
1.6557
1.32687
0.486498
0.486498
0.599748
1.64967
1.77385
1.77385
1.77385
2.19937
2.19937
2.19937
1.1666
1.1666
1.92524
1.92524
1.14661
1.14661
1.42614
1.42614
1.42614
1.39388
1.13387
1.13387
1.13387
1.13387
1.13387
0.844078
0.844078
0.844078
0.972572
0.972572
1.02138
0.733958
0.822914
0.888219
0.888219
0.888219
0.888219
0.295671
0.295671
0.295671
0.295671
0.295671
1.1166
0.981375
0.981375
0.981375
0.981375
0.592444
0.592444
0.592444
0.592444
0.592444
0.592444
0.592444
0.592444
0.592444
0.832662
0.832662
1.11592
1.11592
1.11592
1.11592
1.11592
1.11592
1.11592
0.267463
0.267463
1.36958
1.75359
1.75359
1.55124
1.42839
1.80221
1.80221
1.88802
1.88546
1.69544
1.70233
1.70233
1.70233
2.14942
1.28809
0.562481
0.562481
0.562481
0.562481
0.562481
0.562481
0.562481
0.562481
0.562481
0.562481
0.746349
0.746349
1.04661
0.973516
0.973516
0.973516
0.973516
1.10374
1.68111
1.12339
0.908586
0.276689
1.31511
2.03012
2.03012
2.26368
2.26368
2.26368
2.26368
2.14641
1.96107
1.41313
1.79786
1.94547
1.94547
1.91771
1.91771
1.91771
1.91771
1.91771
1.91771
1.91771
1.91771
1.19307
1.28032
0.835414
1.00019
0.901643
0.901643
1.25345
1.25345
1.25345
1.25345
1.25345
1.25345
1.32037
1.48069
1.48746
1.49017
1.10735
1.10735
0.59326
0.59326
0.59326
0.59326
0.959917
1.03843
0.952496
0.952496
1.71328
1.36125
1.07458
1.21092
2.28181
2.28181
1.91431
1.84778
1.69841
1.71887
0.650828
0.650828
0.650828
0.650828
0.49345
0.49345
0.49345
0.49345
0.581699
0.581699
0.581699
0.581699
0.581699
0.581699
0.664327
2.328
2.14062
2.14062
2.00665
1.83788
1.83788
1.83788
1.83788
1.99226
2.56041
2.18184
2.18184
2.18184
2.18184
2.64384
2.71317
1.0188
1.00933
1.00933
0.902872
0.902872
0.902872
0.319968
0.96593
1.53724
1.53724
1.53724
1.53724
1.53724
1.53724
1.53724
1.53724
0.897596
0.897596
0.897596
0.897596
1.493
1.17713
1.17713
1.17713
1.17713
1.17713
1.17713
1.14511
1.14511
1.14511
1.05667
1.05667
0.701907
0.701907
0.701907
0.698324
0.698324
0.908961
0.908961
0.908961
0.908961
0.789949
0.789949
0.813606
0.813606
0.813606
1.15287
1.0218
1.0218
1.26301
1.26301
0.968975
1.18912
1.18912
0.525575
0.477088
1.23482
1.23482
1.23482
1.23482
0.756798
0.621409
0.621409
0.621409
0.621409
0.666097
0.666097
0.666097
0.898301
0.898301
0.898301
0.898301
0.898301
1.08102
1.08047
1.08047
1.08047
0.971418
1.53854
0.892424
0.892424
0.892424
1.27477
1.69902
1.88148
1.86974
1.86974
1.86974
1.86974
1.86974
0.907597
0.907597
0.907597
1.11516
1.11516
1.11516
1.11516
0.629762
0.776036
0.894637
1.93092
1.93092
2.06547
2.06547
2.06547
2.06547
2.06547
2.31373
2.31373
1.51197
0.546753
0.255411
1.39454
1.39454
1.39454
1.39454
1.2389
1.33225
1.33225
2.09217
2.09217
2.09217
1.18427
1.18427
1.18427
0.977681
0.719681
0.719681
0.850157
0.821436
0.821436
0.536474
0.528939
1.27654
1.27654
1.27654
1.27654
1.27654
0.605482
0.605482
0.605482
0.605482
0.878537
0.878537
1.64364
1.3
1.42655
1.42655
1.89883
1.89883
0.952735
0.650065
0.657853
0.657853
0.657853
0.364309
0.364309
0.879924
0.879924
0.879924
1.42707
2.26637
2.26637
1.93847
1.93847
1.93847
1.2867
1.2867
1.2867
1.2867
1.2867
0.301961
0.301961
0.301961
0.301961
0.301961
0.301961
0.770511
0.770511
0.740626
0.740626
0.740626
0.740626
2.36292
2.71854
1.8365
2.34197
2.24436
1.32076
0.68395
1.24347
1.24347
1.53313
1.53313
1.5979
1.5979
1.5979
1.73224
1.73224
2.25589
1.93955
1.21955
1.21955
2.09176
1.77903
1.72704
1.72704
1.94618
0.642721
0.642721
0.89549
0.89549
0.89549
0.89549
0.640016
0.72652
0.72652
0.72652
1.08847
0.886592
0.992483
1.10652
1.19585
1.19585
1.17064
0.969594
0.941382
0.941382
0.941382
1.00682
1.00682
1.00682
1.00682
0.771733
0.771733
0.771733
0.771733
0.771733
1.81222
1.81222
2.06883
2.74185
2.78858
2.41649
2.41649
1.84366
2.1694
2.1694
2.1694
0.95623
0.95623
0.611616
0.611616
0.611616
0.611616
0.611616
0.611616
0.9798
0.9798
0.968607
1.30747
1.88881
1.88881
2.64703
2.86411
3.17942
2.807
1.79014
1.79014
1.61903
1.24943
1.24943
1.24943
1.24943
1.24943
1.24943
1.79731
1.76371
2.40429
2.40429
3.30293
2.16757
1.74623
1.74623
2.53446
2.53446
1.99701
1.99701
1.99701
1.89061
1.91438
1.19251
1.19251
1.19251
1.19251
1.17911
0.391943
0.391943
0.391943
0.391943
0.391943
0.391943
0.391943
1.07614
0.948341
0.948341
0.948341
0.948341
1.3035
1.24468
1.14485
1.14485
1.49739
1.49739
1.49739
1.66377
2.03304
2.11321
2.11321
2.11321
2.11321
2.11321
1.79735
2.71945
2.71945
2.71945
2.71945
2.71945
2.71945
2.71945
2.77592
2.51535
3.466
2.62706
3.08324
1.84687
1.6135
1.72574
1.72574
1.72574
1.26807
1.26807
0.615655
0.615655
1.87359
2.4406
2.33553
0.964328
0.618951
0.618951
1.64469
1.46776
2.24518
2.24518
2.2676
2.2676
1.60948
1.5418
1.5418
1.60283
1.42733
1.31147
1.31147
1.03357
0.173141
1.03172
1.03172
1.03172
1.2184
0.493051
0.493051
0.493051
0.493051
0.493051
0.493051
1.56189
1.56189
1.56189
0.784873
0.784873
0.784873
1.24082
1.24082
1.24082
0.916051
0.916051
1.09335
1.09335
1.09335
1.09335
1.61004
1.61004
1.4642
2.87251
3.04573
3.36933
3.80887
3.25369
2.33046
2.42171
1.41872
1.41872
1.33144
1.3773
1.34905
1.53143
1.43727
1.26906
1.26906
1.26906
1.26906
1.33294
1.43408
1.43408
2.02273
0.959088
0.959088
1.2258
1.2258
1.2258
2.01988
0.947249
0.947249
0.947249
0.947249
0.947249
0.947249
0.302215
0.302215
0.302215
0.302215
1.83256
1.83256
1.83256
1.83256
1.83256
1.83256
2.25045
3.36074
3.91437
3.91437
2.87784
3.14036
3.14036
2.46121
2.95409
2.83483
2.7094
2.7094
2.7094
3.02329
3.02329
3.02329
2.69009
1.73804
1.73804
1.99736
1.99736
1.99736
1.99736
1.80315
3.19106
3.45337
3.59234
2.96844
2.03643
0.94211
0.94211
0.929962
0.929962
1.41587
1.22706
1.39958
1.39958
1.39958
1.39958
1.39958
1.04299
1.99584
2.15199
2.15199
3.22814
2.7091
2.7091
2.7091
2.61666
2.61666
2.61666
2.61666
2.61666
1.93136
2.82187
2.92052
2.65584
2.65584
2.65584
2.65584
2.65584
2.25117
2.25117
0.926579
0.926579
0.926579
1.78185
1.37837
1.37837
1.37837
2.07268
2.07268
2.42063
2.65341
1.4182
1.21535
2.43231
2.29813
1.88451
1.79982
1.79982
1.79982
1.79982
1.79982
2.04292
2.04292
2.04292
1.48579
0.803598
0.803598
0.803598
0.863574
0.863574
0.863574
0.863574
0.863574
0.863574
0.863574
0.320638
0.320638
0.320638
0.320638
0.320638
0.320638
0.320638
0.320638
0.320638
0.320638
0.320638
0.320638
0.320638
0.320638
1.8365
1.8365
2.6898
2.31804
2.31804
2.31804
2.31804
2.59022
3.13957
3.38629
3.38629
3.43828
3.43828
3.43828
3.43828
3.43828
2.80286
2.80286
2.11783
2.11783
2.25913
2.94237
2.6177
2.6177
1.39572
1.71072
1.48117
1.90912
2.10726
3.07448
2.86787
3.29743
3.5273
3.19486
2.66069
2.98638
2.03477
1.83388
1.83388
2.34244
2.34244
2.56157
2.84005
2.73682
2.73682
2.73682
2.15187
2.15187
1.4637
1.4637
1.4637
1.4637
1.71323
1.71323
1.83207
1.83207
1.83207
1.83207
0.892031
1.71393
1.71393
1.71393
1.71393
1.71393
1.71393
2.16169
2.86569
2.8012
2.2095
2.37113
2.37113
2.56081
2.56081
3.02352
2.82023
1.92146
1.50696
2.23504
1.03499
1.03499
1.03499
1.40944
1.40944
1.40944
0.74717
1.68799
1.74199
1.58904
1.58904
1.58904
1.47426
1.47426
1.33235
1.33235
1.33235
1.33235
1.33235
1.43238
0.626583
0.626583
0.37021
0.37021
0.37021
0.37021
0.37021
0.387537
0.387537
0.387537
0.387537
0.387537
0.387537
0.387537
0.387537
0.387537
0.387537
0.387537
0.387537
0.387537
0.387537
0.387537
0.387537
0.35769
0.35769
0.35769
0.35769
0.35769
0.35769
0.35769
0.35769
0.983213
1.1157
1.18148
0.577557
0.577557
0.577557
1.00454
1.00454
1.4939
1.53974
1.53974
2.47403
2.42782
2.42782
2.37916
2.08695
2.08695
2.06196
2.06196
2.0848
0.859636
0.859636
1.20095
0.881243
1.37366
1.14227
1.14227
0.860117
0.843699
1.61391
1.61391
1.61391
1.47992
2.54195
3.35607
3.35607
3.12095
3.12095
2.67725
2.37924
2.02299
1.85661
1.2472
0.882848
0.882848
0.882848
1.1777
1.1777
1.1777
1.35913
1.35913
2.3004
1.06157
1.06157
1.0888
2.26102
0.853474
0.853474
0.853474
0.853474
0.724764
1.16591
2.20854
2.20854
1.77225
1.85657
1.48423
1.48423
1.48423
1.59976
1.91712
1.91712
1.52487
1.52487
1.96248
1.34531
1.34531
0.491804
0.491804
0.491804
0.491804
0.491804
0.888515
1.78551
2.02843
3.12379
3.12379
3.82759
3.61147
2.30636
2.42768
2.42768
2.50875
1.57
1.94155
1.94155
1.67474
1.40127
1.40127
0.764206
0.764206
1.09588
1.09588
1.5809
0.881715
0.881715
0.881715
0.832543
0.832543
0.832543
0.832543
0.832543
1.14166
1.14166
1.53502
1.53502
1.37052
2.7016
2.7016
2.7016
2.91003
2.09669
2.09669
2.84664
2.63523
2.63523
2.74584
2.74584
3.0798
3.0798
3.0798
3.0798
3.0798
1.93121
0.486278
0.457282
0.457282
0.457282
0.457282
0.457282
0.457282
0.457282
0.457282
1.19125
0.357054
0.357054
0.357054
0.357054
0.357054
0.395324
0.395324
0.395324
0.395324
0.395324
0.395324
0.395324
0.395324
0.640354
0.640354
0.640354
1.15754
1.11075
2.05972
2.05972
2.05972
2.05972
2.05972
2.59215
1.7287
1.7287
1.7287
2.0049
2.0049
1.36421
1.8806
1.8806
2.60254
2.17212
2.17212
2.89503
2.57814
2.8858
2.0874
1.713
1.713
1.30034
0.926161
0.926161
2.02527
2.36481
3.20421
3.58024
3.58024
3.32133
3.25472
3.19997
2.85237
2.85237
2.85237
2.46244
1.88131
1.88131
2.06784
2.06784
2.06784
2.80503
2.4403
2.2981
2.43144
2.30904
0.93748
1.08081
1.08081
1.08081
1.08081
1.08081
1.11447
1.08537
1.08537
1.08537
1.35055
1.15306
1.65063
1.65063
1.08092
2.82037
2.82037
3.29308
3.29308
3.29308
3.20394
3.34548
3.34548
3.34548
3.34548
3.34548
2.84197
2.37055
1.51116
0.726023
0.726023
0.726023
0.726023
0.726023
1.19559
1.46479
1.44778
1.44778
1.44778
1.32048
1.32048
1.25265
0.84133
0.84133
0.84133
0.84133
0.84133
0.545147
0.545147
0.545147
0.854887
0.805034
0.805034
0.805034
0.708917
0.963553
1.0805
0.370948
0.370948
0.370948
0.370948
0.370948
0.370948
0.370948
0.370948
0.370948
0.370948
0.370948
0.370948
0.370948
0.729265
0.729265
0.729265
0.729265
1.12582
1.12582
1.27003
1.27003
1.54338
1.61106
1.61106
1.61106
1.61106
1.72741
1.89359
1.89359
1.57441
1.57441
1.57441
1.57441
1.57835
1.98332
1.98332
1.98332
1.98332
2.17902
2.17902
1.90152
1.90152
2.0109
1.53451
1.53451
1.53451
1.53451
1.53451
1.46744
1.58131
1.85204
3.44677
2.23636
1.98782
1.87875
1.87875
1.87875
1.71425
1.71425
1.71425
2.11347
2.83301
3.15815
3.15815
1.72129
1.72129
1.74051
1.99561
1.22186
1.22186
1.22186
1.22186
2.00202
2.37783
2.37783
2.37783
2.38147
2.09207
2.09207
2.09207
2.09207
1.72375
1.32452
1.55094
1.55094
1.55094
0.234603
0.234603
0.234603
0.234603
0.234603
0.234603
0.234603
0.234603
0.234603
0.234603
0.234603
0.234603
0.234603
0.234603
0.234603
0.234603
0.234603
0.234603
0.234603
0.234603
0.234603
0.234603
0.234603
0.234603
0.234603
0.707512
0.493984
0.493984
0.45672
1.44047
2.00459
2.31157
2.2208
2.17357
2.05054
1.94627
2.06666
2.06666
3.01827
3.01827
3.01827
2.05842
1.67582
1.78583
2.18455
2.33424
2.1074
1.77293
1.77293
1.77293
1.54556
1.16484
1.16484
2.23287
2.18505
2.18505
2.18505
2.52459
2.42175
2.42175
2.42175
2.50995
2.50995
2.50995
2.32474
2.40993
1.4288
1.16699
1.16699
1.16699
2.10684
1.84604
1.94796
1.94796
1.94796
3.00749
2.27573
1.9504
1.9504
1.9504
1.51327
1.51327
1.51327
1.51327
1.51327
1.51327
1.51327
1.27982
0.714028
0.714028
1.28074
1.41077
0.91859
1.29407
1.31716
1.31716
1.35316
1.2622
1.2622
1.26891
1.45974
1.45974
0.924654
1.27071
1.27071
1.14492
1.17642
1.45163
1.45163
0.985991
1.10587
1.10587
1.61513
0.854036
0.854036
0.854036
0.854036
0.854036
1.69959
1.97809
1.03055
1.26851
1.26851
1.26295
1.26295
1.96711
2.42424
2.42424
1.58302
1.63499
1.34166
1.34166
1.1459
1.60744
1.60744
1.66353
1.58932
1.58932
1.71687
0.858123
0.858123
0.858123
1.44593
1.27307
0.411771
0.43081
0.43081
0.509252
0.509252
0.509252
0.509252
0.509252
0.509252
0.509252
0.911548
0.911548
0.287592
0.287592
0.287592
0.287592
0.472322
0.472322
1.21215
1.21215
0.979311
0.811062
0.811062
0.811062
0.669922
0.669922
0.669922
0.669922
0.254667
0.254667
0.254667
1.7439
1.58583
1.58583
1.59708
1.10606
1.76963
1.76963
1.76963
0.410388
0.410388
0.410388
0.410388
0.410388
0.410388
0.410388
0.410388
0.292257
0.292257
0.292257
0.89838
1.27746
1.2068
1.48773
1.48773
1.48773
2.21504
2.57909
1.76068
1.76068
1.62416
1.62416
1.62416
1.62416
2.6434
2.75956
2.76902
2.06749
2.79271
2.79271
2.48845
3.21531
3.59658
2.53271
1.84307
1.29383
1.29383
1.29383
1.29383
1.29383
1.29383
1.16599
1.21345
1.63339
0.97389
0.97389
0.772308
0.772308
0.772308
0.772308
0.772308
0.772308
0.772308
0.772308
0.772308
0.772308
0.772308
0.731404
0.731404
0.827176
0.827176
0.827176
0.169996
0.169996
0.169996
0.169996
0.169996
0.169996
0.169996
0.169996
0.169996
0.569169
0.729839
0.729839
1.30376
2.23254
1.59689
1.59689
1.59689
1.8885
1.8885
1.8885
1.8885
1.60164
1.60164
1.60164
1.58455
1.58455
1.58455
1.58455
1.58455
0.913967
0.913967
0.876812
0.876812
0.876812
1.21664
1.21664
1.33773
1.62118
1.62118
1.62118
1.62118
2.29769
1.48322
1.21407
1.21407
1.21407
0.790525
0.790525
0.790525
1.19146
1.10942
1.10942
1.10519
1.52175
1.39148
1.74907
2.64493
1.95491
2.26545
2.22513
1.99527
1.825
1.61139
1.61139
2.00067
2.82994
2.43693
2.43693
2.43295
2.51799
2.51799
2.5849
1.55787
0.962784
0.962784
0.969459
0.969459
1.02034
1.02034
1.03008
1.42551
1.42551
1.00581
0.800879
0.800879
0.819432
0.819432
0.819432
0.819432
0.819432
1.71936
2.32452
2.32452
2.32452
0.970246
0.970246
0.970246
1.91495
1.47457
1.47457
1.35358
0.829279
0.829279
0.829279
1.24923
1.24923
0.988916
0.908077
0.908077
0.908077
1.7009
1.7009
1.7009
1.40306
1.5003
1.99746
3.11994
3.11994
3.11994
3.11994
3.1018
3.46057
3.46057
3.34204
3.48186
3.12051
3.12051
3.1022
2.7253
2.7253
2.7253
2.7253
2.87485
2.24905
2.24905
1.23038
1.36016
1.36016
1.36016
1.36016
1.36016
2.3544
1.63116
2.70171
2.70171
2.02688
1.64744
1.64744
1.64744
1.37308
1.4015
1.62842
1.57325
1.57325
1.57325
0.994211
0.711083
0.903279
0.903279
0.903279
0.591753
0.591753
0.60652
0.952591
1.52121
1.50018
1.79746
1.79746
1.75511
1.75511
1.85771
1.85771
1.21891
1.21891
1.00568
1.00568
0.90153
0.90153
0.90153
0.715894
0.715894
0.715894
0.715894
0.715894
0.942418
0.662308
0.662308
0.662308
1.37913
1.05661
1.05661
2.21249
2.84598
2.84598
3.09483
3.09483
3.09483
2.00892
1.59999
1.32439
1.32439
1.78379
1.78379
2.68485
2.68626
2.31144
2.64891
2.64891
2.64891
1.5602
0.705608
0.705608
0.705608
0.705608
1.35554
1.41585
1.41585
1.02246
1.02246
1.02246
1.02246
1.44908
1.44908
1.54247
1.54247
0.883328
0.883328
0.883328
1.3551
1.5569
1.5569
1.03171
1.61131
1.61131
1.85033
1.68079
1.92513
1.92513
1.78237
1.78237
1.58666
1.58666
1.58666
1.58666
1.58666
1.58666
1.58666
1.58666
1.58666
1.58666
1.58666
1.00331
1.23902
1.23902
1.23902
0.666387
0.666387
0.928561
0.928561
0.928561
0.255895
0.255895
0.255895
0.255895
1.1635
1.1635
1.1635
1.1635
1.1635
1.1635
1.05518
1.05518
1.05518
1.05518
1.05518
1.05518
0.442298
0.442298
0.442298
1.22271
1.22271
0.849074
1.49397
1.49397
0.95772
1.20107
1.20107
1.20107
0.87777
1.04045
1.04045
1.04045
1.04045
1.04045
1.94319
1.94319
2.35861
1.92346
1.92346
1.92346
2.15686
2.15686
2.15686
2.05318
1.69456
1.21407
1.0926
1.0926
1.0926
0.800589
0.800589
0.800589
0.800589
0.800589
0.800589
0.800589
0.876468
1.92849
1.11346
1.11346
1.11346
1.07426
1.07426
1.38413
1.38413
1.3468
0.829611
0.829611
0.829611
0.860993
0.958827
0.958827
0.958827
0.645968
1.01719
1.01719
1.01719
1.01719
1.01719
0.419342
0.419342
0.419342
1.16109
0.798998
1.40732
1.30011
1.30011
1.63177
1.84686
0.525496
0.525496
0.525496
0.525496
0.611001
0.611001
0.611001
0.611001
0.611001
0.611001
0.611001
1.54338
1.53987
1.7611
1.7611
1.7611
1.66305
1.66305
2.23068
2.23068
2.23068
2.23068
2.15323
2.15323
1.99124
2.08259
1.42611
1.201
1.19254
1.19254
1.19254
1.19254
1.19254
1.19504
0.624011
0.624011
0.624011
0.624011
0.901305
0.901305
0.901305
0.901305
0.901305
1.543
2.11822
2.11771
2.61045
2.09763
2.05377
0.779813
1.54031
1.54178
1.36988
0.491015
0.860027
1.11026
1.494
1.494
2.60587
2.60587
2.78355
2.78355
2.78355
3.38275
3.38275
3.38275
2.66086
2.69978
2.7525
2.34488
2.81823
2.81823
2.81823
2.81823
2.81823
2.48961
2.48961
1.25972
1.64891
1.41175
1.42122
1.42122
1.77114
1.47865
1.27507
0.956739
0.956739
0.956739
0.956739
0.575897
0.575897
1.22148
1.22148
1.22148
1.99642
1.99642
1.24886
1.14057
0.975867
1.04482
1.04482
1.04482
0.986548
1.51839
0.504614
0.504614
0.504614
0.589167
0.589167
1.8001
1.8001
1.8001
2.16681
2.16681
1.93718
1.93718
1.93718
1.93718
0.895916
0.895916
1.49234
2.38868
1.60063
2.65677
2.65677
2.95191
4.12827
2.91871
2.36882
2.81003
2.74702
1.32943
1.30122
1.30122
1.90354
1.7971
1.7971
1.7971
0.945756
0.945756
0.945756
1.14622
1.51689
0.551841
0.551841
0.551841
0.551841
0.551841
0.551841
1.51233
0.728233
0.728233
0.728233
0.728233
0.728233
0.728233
0.984104
0.984104
0.984104
0.984104
0.984104
0.984104
0.984104
1.89705
1.89705
1.41492
2.16811
1.10473
0.89149
1.16572
1.16572
1.16572
1.16572
1.16572
1.16572
1.16572
1.40372
2.34693
2.34693
1.84199
2.76447
2.76447
2.76447
2.05967
1.58506
1.58506
1.58506
0.833824
1.50434
0.548858
0.548858
1.62274
1.62274
1.62274
1.62274
1.13151
1.13151
0.781984
1.73868
2.26453
2.16827
2.16827
2.16827
2.4162
2.4162
2.4162
2.16064
2.16064
2.16064
2.16064
2.12073
1.35661
1.35661
1.16966
1.14917
1.2028
1.2028
1.2028
1.2028
1.2028
2.0618
2.9365
1.81426
2.00592
2.4071
2.4071
2.4071
2.14525
1.68643
1.85963
1.60658
1.32414
0.514324
0.563054
0.563054
0.563054
0.563054
0.563054
0.90098
0.90098
0.90098
1.02099
1.02099
0.833451
0.388767
0.388767
0.388767
0.388767
0.388767
0.388767
0.388767
0.388767
0.388767
0.388767
0.388767
0.388767
0.388767
0.388767
0.588656
1.25027
2.06252
2.06252
2.06252
2.06252
2.30205
1.93271
1.39079
1.24391
1.04407
1.04407
1.00405
1.13222
1.13222
1.13222
1.13222
1.13222
1.01628
1.23506
1.23506
1.32392
1.59114
1.59114
1.69847
1.69847
1.69847
1.16511
1.7875
2.22627
3.35457
2.2789
2.23494
2.44437
2.44437
2.44437
2.44437
3.40306
4.167
3.90474
4.00576
4.00576
4.00576
3.95652
4.3064
4.3064
3.19481
3.19481
3.19481
1.9925
2.37215
1.76687
1.76687
1.03315
1.03315
1.03315
1.0038
1.0038
1.0038
1.0038
0.410867
0.410867
0.410867
0.410867
0.92732
0.92732
0.92732
0.653206
1.08062
1.08062
1.08062
1.77747
2.16335
1.60723
1.68204
1.73613
1.73613
1.03604
1.48447
1.69491
0.641036
1.47875
1.23085
1.32224
1.32224
1.46515
1.1031
1.1031
1.1031
1.13396
1.59779
1.62308
1.8006
1.48251
1.39651
1.39651
0.624649
0.624649
0.624649
0.751694
0.58436
0.58436
0.58436
0.58436
0.58436
0.58436
0.58436
1.50285
2.13979
2.13979
2.13979
2.13979
2.13979
2.31234
2.21243
1.4336
1.4336
1.4336
0.99884
0.990831
0.818688
0.818688
0.555628
0.555628
0.555628
0.555628
0.555628
0.897871
0.897871
0.822635
0.977736
0.977736
0.444403
0.62231
0.62231
0.382134
1.08884
1.34141
1.34141
0.940831
0.940831
0.940831
0.940831
0.940831
0.940831
1.05774
1.28277
1.28277
1.28277
1.87572
1.87572
2.01806
1.04365
1.04365
1.03476
0.632756
0.962445
1.1167
1.1167
1.1167
1.29843
1.29843
0.649085
0.649085
0.518191
0.518191
0.518191
0.518191
0.518191
1.77968
1.77968
2.42151
2.46128
2.77053
2.77053
2.77053
2.77053
2.77053
2.51366
2.91136
2.91136
3.03925
3.2927
3.18633
3.29377
3.29377
3.13965
3.13965
3.11215
3.11215
2.93809
2.93809
2.54501
2.56166
2.12837
2.64695
2.21461
2.4239
2.4239
2.28905
2.19908
1.66544
0.641074
0.641074
0.383841
0.383841
0.383841
1.09856
1.09856
1.3463
0.288549
1.0557
1.29074
1.52153
1.57742
1.57742
2.22796
3.02036
3.02036
3.80487
3.2067
3.2067
2.11986
1.90621
1.90621
1.90621
1.58221
1.93335
1.64402
1.90484
1.90484
0.968269
0.968269
0.968269
0.968269
0.968269
0.968269
1.09517
0.69671
0.69671
0.985935
0.765717
0.765717
0.765717
0.765717
0.765717
0.765717
0.765717
0.765717
0.787924
0.877512
0.877512
0.877512
0.877512
1.34683
0.427492
0.427492
0.274687
0.274687
0.274687
0.274687
0.274687
0.274687
0.274687
0.274687
0.274687
0.274687
0.274687
0.274687
0.274687
0.274687
0.493276
0.493276
0.493276
0.391543
0.391543
0.391543
0.391543
1.03274
1.03274
1.03274
1.03274
1.50864
1.25374
1.25374
0.577352
0.577352
0.577352
0.577352
0.577352
0.774526
0.774526
0.931888
0.931888
0.931888
1.44054
1.17703
2.44463
2.44463
2.44463
2.44463
2.44463
2.44463
2.44463
1.74544
1.74544
3.45488
2.75886
2.75886
2.6
1.61679
1.11128
0.749669
0.749669
1.02577
1.02577
1.02577
1.14065
1.04513
1.04513
1.36358
1.36358
1.15109
0.82305
0.82305
0.381484
0.381484
0.381484
0.787638
1.2341
0.851349
1.10919
1.10919
1.10919
1.16936
1.16936
1.16936
0.945782
0.624892
0.624892
0.624892
0.624892
0.624892
0.624892
0.624892
0.624892
0.624892
0.487007
1.04579
1.23788
1.58442
1.58442
1.03568
1.03568
1.03568
0.959955
1.02865
1.02865
1.16184
1.32754
0.813587
0.813587
0.813587
1.45815
1.53926
1.56799
1.35039
1.35039
1.35039
1.35039
0.66707
0.66707
0.66707
0.756186
0.756186
0.756186
0.754826
0.754826
0.754826
0.754826
0.754826
1.32172
1.74825
1.74825
1.74825
1.29507
0.895286
0.82532
1.17275
0.442088
1.2936
0.366058
0.366058
0.366058
0.366058
0.366058
0.366058
0.366058
0.366058
0.366058
0.366058
0.366058
1.7512
1.7512
1.7512
2.21939
2.21939
2.21939
1.03266
0.550488
0.550488
0.550488
0.550488
0.550488
0.550488
0.550488
0.550488
0.550488
0.306549
0.306549
0.306549
0.306549
0.306549
0.306549
0.306549
0.306549
0.306549
0.306549
0.306549
0.306549
1.10344
0.991766
0.924119
0.924119
0.924119
0.924119
0.924119
0.924119
0.17907
0.511501
0.511501
0.511501
0.511501
0.511501
0.511501
1.19724
1.19724
0.64736
1.19929
1.19929
1.4047
1.4047
1.42115
1.43609
0.90678
0.458475
0.458475
0.862719
0.862719
0.671053
0.737893
0.737893
1.53466
0.657386
0.657386
0.657386
0.657386
0.800398
0.800398
0.835866
1.28558
2.18126
1.16061
0.463252
0.463252
0.463252
0.680464
1.42233
1.42233
1.03606
0.475222
0.475222
0.475222
0.475222
0.475222
0.475222
0.820042
0.936312
1.07861
1.07861
1.08137
1.08137
1.15374
1.15374
1.15374
1.15374
1.15374
1.15374
1.31297
2.00134
2.00134
2.00134
2.00134
1.3945
1.3945
0.821298
0.821298
0.821298
0.821298
0.821298
0.965772
1.29724
1.29724
1.13146
1.05053
1.41186
1.41186
1.25198
0.703988
0.703988
1.784
1.784
1.99773
1.46731
1.46731
1.46731
0.774671
1.01465
1.25439
1.25439
1.25439
1.25439
1.20899
1.25842
1.25842
1.41521
1.41521
1.41521
1.38065
2.03206
2.03206
0.640041
0.640041
0.640041
0.63685
0.739387
0.739387
0.739387
0.739387
0.739387
0.739387
1.51741
1.51741
1.27218
1.27218
0.780823
0.881699
1.02778
0.877508
0.877508
0.877508
0.666841
0.666841
2.02209
2.02209
1.63652
1.63652
0.868038
0.868038
0.868038
0.762563
0.762563
0.762563
0.762563
0.762563
0.762563
1.74195
1.74195
0.830606
0.747843
0.747843
0.747843
0.747843
0.747843
0.747843
0.747843
0.747843
0.747843
0.747843
1.76955
1.40985
1.06399
1.06399
1.92126
1.92126
1.85002
1.63682
2.02866
2.02866
0.599109
0.599109
1.05885
0.937234
0.937234
0.937234
0.937234
0.751066
0.941826
1.31032
0.522256
0.522256
0.522256
0.522256
0.522256
0.522256
0.465378
1.06636
1.37352
1.37352
0.707318
0.723334
0.723334
0.723334
0.723334
0.69746
0.69746
0.978329
0.978329
1.67584
1.67584
1.67584
1.94452
2.01524
2.01524
1.83141
1.83141
2.46696
2.7761
2.6592
0.854168
0.854168
1.83566
1.44205
1.44205
2.09745
2.09745
0.873405
0.873405
1.75668
1.75668
2.32877
2.32877
2.70354
3.23098
2.75874
2.75874
2.75874
2.21333
2.21333
1.72627
1.72627
2.01285
2.01285
1.71785
1.33475
0.718617
0.718617
0.718617
0.828379
2.03487
2.03487
1.92498
1.02353
1.02353
0.949754
1.69097
1.69097
2.41511
2.41511
3.12992
2.48276
2.48276
3.0485
2.54034
2.81855
2.81855
2.81855
2.90047
2.29208
2.29208
2.29208
2.29208
2.10299
1.69223
1.69223
1.65766
1.74223
1.74223
1.74223
1.74223
0.919957
0.919957
0.919957
0.919957
0.919957
0.944355
0.944355
0.809448
1.35883
1.35883
1.46713
0.820106
0.998482
0.998482
1.03593
1.03593
1.14435
1.0495
1.53512
2.02757
1.40638
1.69463
1.69463
1.69463
2.34935
2.11308
1.75148
1.75148
1.63851
1.63851
1.57431
1.00465
0.946691
0.946691
0.701514
0.692047
0.692047
0.692047
1.3286
1.69176
1.97193
1.06498
2.27928
2.34718
2.34718
2.44609
2.63721
2.63721
2.63721
2.63721
2.80083
2.80083
2.27476
2.57863
2.17243
2.43923
2.43923
2.53745
2.53745
2.53745
2.53745
2.26362
2.26362
2.30756
2.30756
1.45533
0.938799
0.36431
0.36431
0.697969
0.697969
0.690635
0.690635
0.511257
0.511257
0.780084
0.780084
0.780084
0.915242
1.14321
1.14321
1.14321
1.14321
1.14321
1.18145
1.18159
1.22238
1.22238
1.62762
1.21347
1.65453
1.65453
1.30871
1.30871
1.44549
1.93529
2.38773
1.79012
1.79012
1.79012
1.79012
1.86857
2.28845
1.07946
1.07946
1.07946
1.29766
1.29766
1.29766
1.27077
0.550792
0.601772
0.601772
0.931346
0.931346
0.931346
1.3013
1.50572
1.83762
2.08218
1.52856
1.52856
1.52856
1.52856
0.748808
0.748808
0.748808
0.748808
0.748808
0.748808
1.35572
1.35572
1.52751
1.52751
1.19336
1.19336
1.42386
1.22601
1.57456
1.19508
1.65183
1.65183
1.65183
1.65183
1.65183
1.65183
1.65183
2.15227
2.15227
2.0788
1.2457
0.740274
0.740274
2.02175
2.02175
2.02175
2.02175
2.02175
2.02175
2.02175
0.89014
0.825107
1.73621
1.73621
1.39598
1.39598
1.39598
0.951596
0.727211
0.805077
0.805077
0.826939
0.826939
0.826939
1.23922
1.23922
1.23922
1.23922
1.27478
1.27478
1.20498
1.55677
1.55677
2.53114
2.88082
2.48445
2.25225
1.30944
1.07129
1.40439
1.40439
0.133684
0.133684
0.133684
0.133684
0.133684
0.133684
0.133684
0.133684
0.133684
0.133684
0.133684
0.133684
0.133684
0.133684
1.39693
1.39693
1.69704
0.611333
0.611333
0.611333
0.611333
0.611333
0.758976
0.934012
0.941038
0.919567
0.601292
1.78453
1.0512
0.876423
1.17636
1.17636
1.17636
0.854031
0.976704
0.976704
0.86067
0.683054
0.567875
0.526926
0.526926
0.526926
0.526926
1.04553
0.81009
0.81009
0.81009
0.793992
0.895766
1.11476
1.11476
1.11476
1.11476
1.11476
0.678812
0.678812
0.678812
0.678812
0.678812
0.707602
0.707602
0.707602
0.707602
0.707602
0.827455
1.19902
1.02488
1.02488
1.02488
1.02488
1.02488
1.02488
1.54685
1.22043
1.22043
2.25865
2.25865
1.78665
2.35719
2.87753
2.87753
2.87753
2.87753
2.51947
2.99952
2.99952
2.99952
4.26073
4.26073
4.26073
3.95818
4.19369
4.19369
4.19369
4.19369
3.41489
2.85
2.5489
1.52622
1.33158
0.101394
0.101394
0.101394
0.101394
0.101394
0.101394
0.101394
0.101394
0.101394
1.11015
1.53411
1.53411
1.94322
2.05395
3.11094
2.35615
1.457
1.457
1.45
1.45
0.748783
0.748783
0.681029
1.15997
0.645305
0.865282
0.865282
0.865282
1.12092
0.69569
0.69569
0.783661
0.783661
0.783661
0.868031
1.29295
1.29295
1.29295
1.29295
1.72651
1.44268
1.44268
1.44268
2.58406
2.14315
2.56222
2.62362
2.62362
2.45005
1.69911
1.56828
1.56828
1.57627
0.786633
0.485988
0.485988
0.485988
0.485988
0.485988
0.485988
0.485988
0.485988
0.485988
0.519888
0.519888
0.519888
1.18558
2.26075
1.46747
1.49544
1.49544
1.0983
1.4023
2.16568
2.16568
1.78413
1.28908
1.28908
1.28908
1.36789
1.36789
1.36789
1.18792
1.18792
2.11867
2.65135
2.35886
2.35886
2.09185
1.97441
1.8536
1.8536
1.8536
1.8536
0.904547
0.609315
1.06058
1.1638
1.1638
1.1638
1.1638
1.1638
0.194508
0.194508
0.194508
0.194508
0.194508
0.194508
0.194508
0.194508
0.194508
0.194508
0.194508
0.194508
0.337375
0.337375
0.337375
0.337375
0.337375
0.337375
0.337375
0.337375
0.337375
0.551425
0.551425
0.551425
1.08987
0.217839
0.217839
0.683804
0.656079
0.739333
0.876102
0.876102
1.36722
1.36722
1.36722
1.79268
2.01336
0.84695
0.84695
1.93578
1.93578
1.93578
1.93578
1.93578
1.93578
1.8592
1.97166
1.68891
1.68891
1.68891
2.04149
2.04149
2.04149
2.04149
1.13294
1.13294
0.899923
0.651897
0.651897
1.0294
0.541764
1.95256
1.95256
2.58157
2.56085
2.56085
2.34823
2.80612
2.63492
2.63492
2.63492
1.54096
1.54096
1.54096
1.47855
1.5065
2.16533
2.16533
2.16533
1.72106
0.345643
0.345643
0.345643
0.345643
0.345643
0.345643
1.40523
1.40523
1.40523
1.40523
1.40939
1.40939
1.72783
2.88096
2.88096
1.88678
0.985148
0.578815
0.465893
0.465893
1.32597
1.32597
1.32597
1.37966
1.37966
1.37966
1.53361
1.9168
1.9168
2.13666
2.04443
2.1119
1.86894
1.8282
1.73836
2.2077
2.25853
2.25853
1.46657
2.55415
2.55415
2.81677
2.81677
4.22678
4.22678
3.36392
3.36392
3.36392
3.36392
3.05302
3.05302
3.05302
2.55097
2.02764
1.39412
1.39412
1.39412
1.39412
1.39412
1.82284
1.82284
1.82284
2.15785
2.83446
2.48429
1.87206
2.07023
2.07023
1.39678
1.72084
1.72084
0.957616
0.957616
0.507396
0.507396
0.507396
1.12312
1.12312
1.12312
1.38284
1.38284
1.38284
1.27047
1.65023
2.43239
2.2163
2.36229
1.87385
1.6751
1.71404
2.16658
2.16658
2.20127
2.29193
2.45775
1.78229
2.01536
1.70694
1.63418
1.63418
1.63418
1.63418
2.27594
1.27302
1.6022
1.52772
1.52772
1.52772
1.66187
2.54634
1.96734
2.30085
2.04627
1.77852
1.43899
1.43899
1.83636
2.04844
2.24192
2.88481
2.79905
2.73493
2.73493
2.73493
2.79222
2.04675
2.04675
2.04675
2.04675
2.04675
0.950466
0.950466
1.44754
1.3605
1.3605
1.78082
1.78082
1.59191
2.05811
2.05434
2.37595
2.37595
1.35198
2.65398
2.30531
2.16678
2.76476
2.76476
2.3598
1.89097
2.75203
2.75203
3.22436
2.48424
2.48424
2.49906
2.49906
2.49906
1.32814
1.32814
1.32814
0.763126
1.20597
1.39716
1.14171
1.14171
1.06404
1.06404
2.45235
2.66423
2.43517
2.43517
2.43517
2.26321
2.26321
2.26321
2.26321
2.26321
1.8371
1.6393
1.58281
1.72711
0.564403
0.564403
0.564403
1.24425
1.34107
1.34107
1.32238
1.32238
1.32238
1.32238
1.32238
1.32238
1.32238
1.50253
1.30943
1.25549
1.27884
1.27884
1.27884
1.27884
1.27884
1.27884
1.71048
2.03388
2.86965
2.86965
2.08173
2.08173
2.08173
2.9251
3.15316
2.82489
2.83297
2.83297
1.98085
1.62932
1.74099
1.74099
1.74099
1.55406
1.55406
1.10639
1.10639
1.10639
1.06071
1.06071
0.860522
0.860522
0.860522
0.847105
0.847105
0.9258
0.9258
0.9258
1.49743
0.881408
0.881408
1.14958
1.39597
1.39597
1.07005
1.07005
1.42189
1.29046
1.29046
1.29046
1.29046
1.29046
2.46246
2.71881
2.05645
2.14916
2.40624
2.40624
3.00136
3.00136
2.90868
2.69977
2.82701
1.96763
1.96763
1.96763
1.87993
1.89127
1.44033
0.959077
0.585088
1.26572
1.26572
1.23724
1.58096
1.58096
1.68173
1.68173
0.994605
0.994605
0.994605
0.795462
0.795462
0.795462
0.795462
1.37194
1.45622
1.16318
1.16318
1.16318
1.56875
1.56875
0.400422
0.400422
0.400422
1.14365
2.35353
2.35353
1.89487
1.89487
1.56788
1.39232
1.16918
1.16918
1.16918
1.32026
2.08733
1.89653
2.01672
1.39908
1.14259
1.27794
1.27794
1.27794
1.27794
1.27794
1.16128
0.792674
0.792674
0.792674
0.703281
0.518364
0.518364
0.518364
0.518364
0.965113
0.692365
0.692365
0.692365
0.692365
0.833438
0.833438
0.833438
0.833438
1.55893
1.55893
1.55541
1.63792
1.12001
0.890812
0.890812
0.890812
0.721836
0.721836
0.809248
0.592627
0.592627
1.10942
1.10942
1.15739
1.99501
1.99501
1.99501
1.29798
1.12865
1.12865
1.12865
1.12865
1.12865
1.12865
1.12865
1.12865
2.07746
2.07746
2.07746
2.07746
2.35627
2.35627
2.77107
2.77107
2.68877
2.17879
1.60697
1.60697
1.60697
1.4117
1.4117
1.4117
0.781674
0.583316
0.583316
0.406369
0.748671
1.04248
1.04248
1.53641
1.53641
1.53641
1.53641
1.53641
1.53641
1.92243
1.92243
1.92243
1.46543
1.00613
1.00613
0.686911
0.686911
0.615779
0.615779
0.672534
0.558402
0.558402
0.614298
0.909303
1.28994
1.85701
1.85701
0.988401
0.988401
0.988401
0.766002
1.51394
1.51394
1.51394
1.92181
1.43285
1.43285
1.43285
1.61597
1.81793
2.03663
2.03663
2.03663
2.03663
2.1656
2.1656
2.1656
2.1656
1.99371
0.974289
0.974289
0.974289
0.974289
1.3711
0.492231
0.658364
1.19875
1.19875
1.19875
1.19875
1.44813
1.44813
1.44813
1.44813
1.3182
1.56803
1.34502
1.34502
1.34502
1.15055
1.15055
1.15055
1.15055
1.58355
1.94055
1.94055
1.95451
1.58493
1.68354
0.757091
0.975076
0.975076
1.1003
1.1003
1.1003
1.91782
1.60416
1.60416
1.57465
1.57465
2.23223
1.02109
1.02109
1.02109
1.02109
1.02109
1.02109
1.13177
1.10097
1.01507
1.54751
1.86588
1.86588
0.84688
0.715006
0.640997
1.0531
1.0531
1.0531
1.0531
1.0531
1.0531
0.463988
0.463988
1.13942
0.890976
0.890976
0.867912
0.867912
0.867912
0.867912
0.867912
0.867912
0.789374
0.958614
1.00009
1.00009
1.00009
1.00009
1.09329
1.09329
1.09329
0.539265
1.22143
0.755036
0.755036
1.44398
1.44398
1.60924
1.60924
1.60924
1.60924
1.79628
1.79628
1.79628
1.78426
1.78426
1.76062
1.76062
1.76062
2.02701
2.45004
2.45004
2.56201
2.66595
3.21264
3.70018
2.30282
2.30282
2.30282
2.30282
1.2727
1.2727
1.41694
1.41694
1.41694
1.14838
1.14838
1.14838
2.01552
0.936093
0.936093
0.936093
0.558344
0.558344
0.558344
1.00213
1.00213
1.19916
1.19916
0.561515
0.561515
0.561515
0.448271
0.448271
0.448271
0.448271
0.448271
0.716165
0.716165
1.43043
1.43043
2.07344
1.92835
1.92835
1.13835
1.18466
1.18466
1.18466
1.18466
1.18466
1.05973
1.05973
1.05973
1.05973
1.05973
1.05973
1.05973
0.235217
0.235217
0.235217
0.235217
0.74115
0.74115
0.74115
0.74115
1.13832
0.59501
0.90474
0.90474
0.90474
0.90474
1.85138
1.9288
1.82992
1.82992
1.82992
2.13801
2.13801
2.13801
2.69003
2.69003
1.24364
1.24364
1.24364
1.27896
1.27896
1.92747
1.92747
1.92747
1.49711
1.59608
0.566095
0.566095
0.93575
1.24101
1.51166
1.85802
1.17993
1.77389
1.74848
1.74848
1.74848
1.57473
1.57473
1.44755
1.44755
1.44755
1.44755
1.96569
2.33147
1.7791
1.7791
0.999331
0.999331
0.999331
0.999331
0.999331
0.999331
1.53258
1.80035
0.362083
0.452302
1.03045
1.03045
1.03045
0.968486
0.968486
1.07142
1.14113
0.950547
1.07968
1.07968
1.07968
1.33833
1.36954
1.32293
1.27643
1.34972
1.34972
1.04926
0.710075
0.710075
0.710075
0.710075
0.710075
1.97173
1.70619
1.70619
1.70619
1.70619
1.70619
1.51404
1.19497
1.24845
1.51061
1.44083
1.44083
2.05347
2.00354
1.50621
1.0284
1.78797
1.78797
2.16732
1.89598
1.89598
1.84163
1.84163
2.07519
1.66784
1.66784
1.4695
1.4695
1.4695
1.4695
1.4717
1.51451
1.26195
0.655356
0.655356
1.27031
1.27031
1.05884
1.05884
1.05884
1.05884
0.67358
0.67358
0.67358
0.67358
0.202525
1.11148
1.67972
1.67972
1.67972
1.38625
0.844698
0.844698
0.844698
1.84715
1.84715
1.84715
0.656202
0.656202
1.4083
1.4083
1.4083
1.08483
1.42948
1.41491
1.41491
1.41491
1.41491
1.41491
0.901367
0.901367
0.859069
0.859069
0.676927
0.676927
1.09225
1.09225
1.09225
0.863027
0.863027
0.863027
0.596459
0.596459
0.596459
0.79356
1.58906
1.35454
1.35454
1.35454
1.35454
1.35454
1.35454
1.74484
1.74484
1.74484
1.74484
1.74484
1.74484
1.1919
1.1919
1.62448
1.62448
1.62448
1.30758
1.76675
1.70614
1.70614
1.1865
1.1865
0.493645
0.493645
0.663296
1.00311
1.60815
1.60815
1.08714
1.08714
1.6998
2.26461
2.39561
3.1056
3.1056
3.1056
2.41026
1.87554
1.87554
1.91972
0.964931
0.61547
0.61547
0.61547
0.61547
0.61547
0.61547
0.61547
0.61547
1.15917
1.60757
0.816909
0.816909
0.816909
0.816909
0.816909
0.816909
0.816909
0.816909
0.78506
0.768123
0.630582
0.630582
0.373842
0.846853
0.812555
0.851024
0.851024
0.851024
0.851024
0.851024
1.09401
0.213574
0.213574
0.213574
0.213574
0.213574
0.213574
0.213574
0.213574
0.213574
0.563629
0.563629
0.563629
0.563629
0.563629
0.920258
0.920258
0.920258
1.75287
2.11412
1.57828
1.16226
1.06354
1.06354
0.624654
0.913221
0.913221
1.26819
0.666161
0.666161
0.852447
1.2874
1.71398
1.5667
1.5667
1.50778
1.63675
1.63675
1.47234
1.47234
1.3948
1.16204
1.16204
1.16204
1.16519
1.39738
1.24193
0.961899
0.961899
0.961899
1.74658
1.74658
1.73552
1.73552
1.59355
2.36002
2.36002
2.36002
2.36002
2.36002
2.0989
2.0989
2.0989
2.0989
2.0989
2.84864
2.95588
3.45851
3.45851
3.45851
3.45851
3.45851
2.29978
2.93744
2.93744
2.93744
2.54239
1.55587
0.78578
0.78578
0.78578
0.78578
0.78578
0.78578
0.78578
1.31744
1.41048
0.251968
0.251968
0.251968
0.251968
0.251968
0.251968
0.903278
1.22833
1.45104
1.23638
1.07046
1.49721
1.09038
1.4048
1.4048
1.4048
1.4048
1.4048
1.4048
1.54692
1.54692
1.06996
1.06996
1.06996
1.06996
1.06996
1.06996
1.05988
1.21127
0.202428
0.202428
0.202428
0.202428
0.202428
0.952697
0.952697
0.745199
1.60246
0.976156
1.49704
0.820875
1.0385
1.0385
1.33608
2.18678
1.8398
1.71249
1.45242
2.02161
2.13446
2.13446
0.968604
0.968604
1.04475
1.04475
1.04475
0.980186
0.980186
0.980186
0.980186
0.980186
0.980186
0.980186
1.57192
1.25732
1.25732
1.25732
1.74579
1.74579
1.31076
1.83748
1.64009
1.60678
1.80873
1.93496
1.93496
1.93496
1.86947
1.86947
1.86947
1.86947
2.31625
2.40381
3.1255
3.1255
2.80814
2.76759
2.31453
2.31453
2.31453
2.31453
1.80054
1.80054
2.65463
2.49959
1.70924
1.01346
1.01346
1.01346
1.01346
1.12199
1.12199
1.12199
1.12199
1.12199
1.12199
1.12199
1.12199
0.941179
0.780159
0.244136
0.244136
1.42468
1.92936
1.92936
2.02154
2.02154
2.64243
2.64243
2.26044
2.26044
2.23032
2.23032
1.31841
1.31841
1.31841
0.74234
1.56056
1.31594
1.62886
2.42135
2.42135
1.87124
1.87124
2.20321
2.20321
1.405
1.82655
2.11423
2.533
2.47628
1.40469
1.40469
1.53994
1.53994
1.29381
1.29381
1.14369
0.830398
0.830398
0.830398
0.830398
0.830398
0.857001
0.857001
0.857001
0.857001
1.08236
1.21765
1.21765
1.21765
1.21765
1.08341
1.08341
1.08341
1.08341
1.08341
1.08341
0.900647
1.40156
1.42303
1.42303
1.77968
1.77968
2.04336
2.04336
2.04336
1.89053
1.89053
2.54991
2.54991
2.5329
2.314
1.84172
1.84172
2.12567
1.71484
1.71484
1.98842
2.38225
2.38225
1.77129
2.15377
1.89955
2.47854
2.49289
2.81242
2.18881
2.46304
2.27806
2.27806
2.27806
1.46752
1.24189
1.57741
1.57741
1.49759
2.03548
0.928849
0.928849
0.928849
0.928849
1.93747
0.930373
1.88062
1.23486
1.23486
1.23486
0.337691
0.337691
0.337691
1.83302
1.83619
2.59226
1.81893
1.18257
1.38512
1.38512
1.55518
1.55518
1.55518
1.55518
1.55518
1.55518
1.69136
2.0441
2.0441
2.0441
1.57541
1.57541
1.57541
1.56879
0.580841
0.59066
0.59066
0.59066
1.39197
2.23076
2.36026
2.28477
2.28477
2.34278
2.29062
2.29062
2.29982
2.32807
2.15438
2.50027
2.50027
2.39579
1.81637
1.68424
1.39624
1.39624
0.897008
0.897008
1.11493
1.11493
1.11493
2.13908
2.13908
2.643
2.643
2.14062
2.14062
2.32589
2.32589
2.32589
2.32589
2.08576
2.01299
2.01299
1.24272
1.24272
1.70972
1.64191
1.3809
1.56778
1.56778
1.31383
1.5504
1.80445
1.80445
0.810456
0.739378
0.739378
0.739378
0.280773
0.280773
1.1766
1.1766
1.62539
2.25115
1.43248
1.43248
1.43248
0.963031
0.963031
0.601746
0.601746
0.601746
0.980109
1.56228
1.56228
2.41507
2.41507
1.98046
1.98046
1.98046
2.06527
2.06527
1.56135
0.681787
1.42914
1.27513
1.21273
2.31513
2.64599
2.64599
2.64599
2.64599
2.80691
2.80691
2.80691
2.60327
1.56757
1.56757
1.21441
1.21441
1.21441
0.864874
0.864874
1.35683
1.35683
1.35683
1.35683
1.35683
1.38657
1.38657
1.388
0.952743
0.952743
0.952743
0.952743
0.952743
1.47223
1.47223
1.47223
1.75985
1.75985
1.75985
1.75985
1.68609
1.58484
0.530793
0.530793
1.0835
1.0835
1.0835
1.0835
1.25525
1.25525
0.613473
0.613473
1.03592
1.03592
1.38256
1.38256
1.38256
0.927804
1.38844
1.38844
0.66559
0.66559
0.66559
0.66559
0.66559
0.66559
1.19288
0.784684
0.965378
0.965378
0.965378
0.739512
0.666882
0.666882
0.666882
0.666882
1.85494
2.05986
2.05986
2.05986
1.32382
1.97199
1.65215
1.65215
1.51996
2.53872
2.53872
2.53872
2.53872
2.3641
1.97973
2.33267
2.33267
1.53482
2.03487
2.07549
2.07549
2.07549
1.62771
1.76436
2.04273
2.04273
2.04273
2.04273
2.09185
1.84275
1.32823
0.662868
0.662868
0.662868
0.662868
0.662868
0.662868
0.662868
0.662868
0.965382
1.27415
0.797117
1.21173
1.21173
1.53628
0.79851
0.79851
0.981505
0.981505
0.981505
0.868109
0.868109
0.868109
0.868109
0.868109
0.780848
1.17616
1.17616
0.28604
0.473453
0.473453
0.473453
0.473453
0.701146
1.21372
1.21372
1.31017
0.976242
0.481372
0.481372
0.481372
0.481372
1.37985
1.61425
1.61425
1.89971
1.64508
0.646569
0.646569
1.72252
0.935563
0.935563
0.935563
0.935563
0.935563
1.48449
1.62111
1.62111
1.62111
1.62111
1.62111
1.62111
1.50336
1.50336
1.62253
1.62253
1.62253
1.12658
1.15848
1.15848
1.66321
1.66321
0.979047
0.979047
0.979047
0.979047
0.979047
0.979047
0.979047
0.487043
0.487043
0.487043
0.487043
0.487043
0.487043
0.487043
0.487043
0.886156
0.886156
0.626035
1.46834
1.19559
1.19559
1.51259
1.82085
1.09526
0.907323
1.04195
0.930083
0.930083
0.930083
0.930083
1.48054
1.48054
0.386694
0.386694
0.386694
0.386694
0.386694
0.386694
0.386694
0.386694
0.386694
1.24604
1.62815
0.766032
0.766032
0.766032
0.766032
0.766032
0.766032
0.766032
0.658719
1.16458
0.729647
0.729647
0.729647
0.729647
0.956461
1.84662
1.91862
1.91862
1.91862
1.21549
0.987941
0.987941
0.987941
0.987941
1.18182
1.18182
1.18182
0.765747
0.765747
0.996931
1.97268
1.97268
1.50135
1.50135
0.671558
0.671558
0.671558
0.671558
0.671558
0.671558
0.671558
0.621348
0.621348
0.621348
0.621348
0.621348
0.567666
0.561267
0.561267
0.561267
1.01663
2.20172
2.20172
1.62113
1.62113
1.10115
0.747352
0.986062
0.986062
0.986062
0.986062
1.27405
0.803594
0.857027
0.857027
0.857027
1.49671
0.874865
1.50822
1.40198
1.54672
1.54672
1.16641
1.16641
2.34793
1.94355
1.58405
1.58405
1.26014
1.26014
1.26014
1.26014
1.26014
1.26014
1.26014
0.722149
0.722149
0.722149
0.722149
0.9949
0.9949
0.890534
0.890534
0.890534
0.890534
1.08061
1.08061
1.08061
1.08061
1.21239
0.947529
1.24932
1.86585
1.86585
1.86585
1.55552
1.27516
1.27516
1.88714
1.88714
1.51731
1.53294
1.53294
1.53294
0.628927
0.628927
0.628927
0.628927
0.628927
1.11987
0.613106
1.29809
1.97382
1.29669
1.20971
1.20971
0.965699
1.02336
1.559
1.25237
1.25237
1.00221
0.552457
0.552457
0.552457
0.552457
0.552457
0.552457
0.88312
0.88312
0.88312
0.88312
1.34872
1.06496
1.11549
1.11549
1.11549
2.17489
1.30063
0.817006
0.817006
0.817006
1.71003
1.10344
1.10344
1.10344
1.10344
1.10344
0.6802
0.6802
0.6802
2.06228
1.9612
2.04336
1.04981
1.04981
1.04981
1.04981
1.22587
1.22587
1.15296
1.15296
1.12443
1.49976
1.06384
1.06384
1.06384
1.06384
1.06384
1.05128
1.28007
1.28007
2.1646
2.02329
1.47492
1.47492
1.76913
1.76913
1.76913
1.76913
1.98987
1.67624
1.67624
0.982285
2.13944
1.65449
1.65449
2.30851
1.97038
1.33527
1.33527
0.972738
1.00829
1.00829
1.33176
1.33176
1.33176
1.55343
1.54706
1.66727
1.66727
1.64586
1.64586
2.03239
1.77064
1.77064
1.02771
1.02771
1.02771
1.02771
1.49517
1.49517
1.49517
1.49517
1.49517
1.08271
1.08271
1.08271
1.56033
1.56033
1.56033
1.41346
1.41346
1.41346
1.23457
1.18908
1.18908
1.18908
1.18908
1.18908
1.44553
1.16949
1.82476
1.2666
1.29827
1.29827
0.829077
0.401008
0.401008
0.401008
0.401008
0.401008
0.833098
0.833098
0.839427
0.839427
1.36508
1.36508
1.36508
1.62894
1.54792
1.54792
1.57592
1.6056
1.6056
1.6056
1.6056
1.28718
0.669477
1.57925
1.13337
1.20848
1.20848
1.76719
1.76719
1.77297
1.77297
2.58726
1.05057
1.05057
1.23196
1.23196
1.23196
1.23196
1.19374
1.19374
