1.58481
1.58481
0.681218
0.681218
0.857084
0.425633
0.425633
1.88428
1.88428
0.763484
0.901523
0.901523
0.901523
1.29168
1.61604
1.61604
0.834578
1.88112
1.67484
1.67484
1.33415
1.33415
1.33415
1.33415
1.33415
1.45644
1.0714
2.47279
2.47279
2.47279
2.47279
1.94751
1.94751
1.94751
1.73697
1.73697
1.63401
1.63401
1.63401
1.49641
0.560109
0.560109
0.560109
0.560109
0.560109
0.560109
0.736622
0.736622
1.48829
1.48829
1.48829
1.89624
0.422011
1.44294
1.44294
0.749997
0.749997
1.15757
1.15757
1.2059
1.2059
1.20753
1.20753
0.318325
0.318325
0.620455
1.0016
1.0016
1.0016
1.70073
1.70073
0.938423
1.02981
1.02981
1.02981
0.9177
1.23851
1.23851
1.07777
1.07777
1.54913
1.63362
1.63362
1.63362
0.522888
0.522888
0.522888
0.522888
0.522888
0.522888
0.522888
0.522888
0.522888
0.522888
1.27046
1.27046
0.40312
0.40312
0.40312
0.40312
0.40312
0.40312
0.40312
0.40312
0.40312
0.904927
1.1401
1.1401
1.52209
1.52209
1.52209
0.4792
0.4792
0.4792
0.4792
0.4792
0.4792
0.4792
0.4792
0.4792
0.4792
0.4792
1.64095
1.53176
1.53176
1.53176
0.897086
1.21303
1.33492
1.5022
1.5022
1.5022
2.64673
2.36804
1.60482
1.78431
1.91222
1.91222
1.91222
1.91222
2.0555
2.0555
1.62658
1.61446
1.61446
1.74877
1.62881
1.62881
1.62881
1.62881
1.13774
1.13774
0.08606
0.08606
1.60775
1.60775
1.60775
1.13309
0.914529
0.914529
0.914529
1.34276
1.34276
1.24932
0.81001
0.81001
1.70143
1.70143
1.70143
1.30178
0.915077
0.846413
0.793646
0.793646
0.793646
0.619386
0.619386
0.619386
0.619386
0.619386
0.619386
0.500135
0.500135
0.500135
0.500135
0.500135
0.500135
0.500135
0.500135
0.500135
0.500135
0.864257
1.31405
0.374253
1.50341
1.50341
1.50341
1.50341
1.64183
1.64183
1.64183
1.64183
1.64183
2.11774
1.58279
1.96339
1.96339
1.82976
1.95647
1.8625
1.87336
2.13476
2.13476
2.13476
2.13476
0.987106
0.748263
0.748263
0.748263
1.31161
1.31161
1.18341
1.18341
1.81837
1.81837
0.915278
1.80349
1.27022
1.43886
1.43886
1.3823
1.40221
1.40221
1.40221
0.726481
0.501418
0.308023
0.308023
1.46934
1.46934
2.23782
2.23782
2.23782
2.39413
3.0746
2.82478
4.30496
3.4179
3.4179
3.51138
3.23827
2.71887
2.06515
2.06515
2.06515
2.39646
2.39646
2.09743
1.75131
2.12257
1.27439
1.20531
1.20531
1.4398
1.4398
1.4398
0.674197
0.674197
1.62445
1.82137
1.62121
1.06458
0.917468
1.44844
1.44844
1.44844
1.44844
1.51089
1.84541
2.53051
2.33738
1.41521
1.172
1.172
1.172
1.172
0.517145
0.517145
0.517145
0.517145
0.517145
0.517145
0.517145
0.517145
0.247071
0.247071
0.247071
0.247071
0.247071
1.05493
1.08086
1.26518
1.87516
2.12475
2.08258
2.08258
1.78016
0.324812
0.324812
0.324812
0.324812
1.05812
1.05812
1.05812
1.05812
1.05812
1.67605
1.19729
1.19729
1.19729
1.19729
1.19729
1.19729
1.00264
1.00264
1.66575
1.66575
2.06706
1.91891
1.91891
1.205
0.85225
0.85225
0.85225
0.85225
0.85225
0.875368
0.875368
1.63981
1.87143
1.5711
1.27259
1.64055
2.01602
2.01602
2.01602
2.01602
2.01602
2.01602
2.163
2.163
1.70616
1.27221
1.27221
1.27221
1.27221
0.602836
0.602836
0.602836
0.602836
0.602836
0.13912
0.13912
0.13912
0.13912
0.75596
1.07941
1.07941
0.851713
0.46014
0.46014
0.844004
0.844004
0.844004
2.12828
1.95999
1.81762
1.81762
1.81762
1.81762
2.1774
2.51091
2.51091
2.39596
2.39596
2.92758
2.01301
2.01301
2.02784
1.3126
1.81546
2.10919
1.7695
1.20838
1.20838
1.20838
1.20838
1.24795
0.892989
0.944218
0.944218
1.02518
1.02518
1.02518
0.70855
1.54885
1.54885
1.51215
1.02483
1.88298
1.30019
1.30019
1.30019
1.30019
1.08892
1.08892
2.11356
2.11356
3.46714
3.88519
4.14857
4.14857
3.72876
3.95159
3.03573
3.02084
3.02084
2.3179
2.3179
2.3179
2.3179
3.29552
3.29552
3.29552
3.39459
3.39459
4.03041
4.1068
3.29524
2.56032
2.46597
1.49551
1.17716
0.578082
0.578082
0.578082
0.578082
0.578082
0.578082
1.10416
0.679886
0.679886
0.803932
0.461866
0.461866
0.461866
0.461866
0.461866
0.461866
0.461866
0.928465
0.928465
0.602351
1.03972
1.03972
1.07409
1.04408
1.04408
1.03721
1.03721
1.03721
0.853101
0.853585
1.8141
1.12613
0.892944
0.644865
0.644865
0.644865
0.644865
0.644865
0.644865
0.644865
0.644865
0.683124
0.683124
1.49497
1.95534
1.07408
1.38107
1.41681
1.41681
1.41681
1.41681
1.41681
1.41681
1.41681
1.41681
1.41681
1.41681
2.07872
2.07872
1.50756
1.50756
1.50756
1.57392
2.05607
1.76676
1.67131
1.7044
1.59734
1.59734
1.69878
1.41093
0.102677
0.102677
0.102677
0.102677
0.102677
0.102677
0.983573
0.983573
0.983573
0.983573
1.44696
1.44696
1.44696
2.08497
1.47157
1.47157
1.47157
1.80571
1.90539
1.90539
1.90539
1.90539
1.434
1.44802
0.728376
1.02342
1.02342
1.02342
1.02342
1.02342
1.02342
1.02342
1.02342
1.02342
1.02342
1.02342
1.02342
0.829383
1.32119
1.23249
1.23249
1.23249
0.449364
0.449364
0.449364
0.449364
0.449364
0.380825
0.380825
0.380825
0.380825
0.380825
0.380825
0.380825
0.380825
0.982995
0.982995
0.982995
0.807195
0.807195
0.597935
0.958266
0.549549
0.549549
0.165879
1.17038
1.17038
0.809073
0.584347
1.80055
1.80055
1.72631
1.65385
1.65385
1.52006
1.52006
1.2092
1.2092
1.88603
1.88603
1.88603
2.02649
1.94681
1.45227
1.46459
1.46459
1.46459
2.07769
1.85647
1.85647
1.63232
1.63232
1.79338
1.71727
0.635225
0.635225
0.635225
0.635225
0.635225
0.635225
0.635225
0.635225
0.635225
2.26079
2.26079
2.26079
2.26079
2.11404
1.65436
2.35256
2.35256
2.35256
2.35256
2.35256
1.93157
2.81236
1.93421
1.93421
1.93421
1.71253
1.44006
1.44006
1.99178
0.728169
1.54613
1.25047
1.25047
1.91246
1.91246
1.91639
2.8851
1.6992
1.93446
1.93446
1.70057
1.17967
1.03319
1.80701
0.625368
0.625368
0.625368
0.625368
0.625368
1.07152
1.07152
1.07152
1.07152
1.07152
1.39959
2.68267
2.80981
2.80981
2.61844
2.61248
3.36385
2.48698
3.46051
3.46051
3.46051
3.87341
3.03221
3.03221
3.03221
3.37883
3.37883
3.74604
3.74604
3.74604
2.72247
2.01148
2.01148
2.02054
1.53899
1.53899
1.53899
1.08525
0.680964
0.935425
0.935425
0.935425
1.23505
2.12601
2.12601
2.00039
3.54017
3.32089
3.32089
3.01279
3.76462
3.76462
3.41594
2.21639
2.21639
2.71422
1.92061
0.896586
0.896586
0.896586
0.896586
0.896586
1.54615
1.33322
0.729017
0.966218
0.966218
1.15604
0.825197
1.01831
1.01831
1.22962
1.22962
1.22962
1.22962
1.22962
1.22962
1.59347
1.80466
1.50125
1.50125
1.4531
1.4531
2.02828
2.87336
2.87336
2.87336
4.03899
2.9522
1.54505
1.54505
1.54505
2.64249
2.64249
2.43378
2.7732
2.7732
2.7732
1.85275
1.85275
1.85275
1.32982
1.6725
1.6725
1.6725
2.12979
2.12979
2.3416
2.3416
2.3416
2.3416
1.80492
1.80492
1.15208
1.15208
1.2908
2.50348
1.79759
2.19539
2.19539
2.19539
2.19539
2.16482
2.16482
2.32325
2.31138
2.16687
2.16687
2.35144
2.35144
1.90923
1.48269
1.48269
1.48269
1.48269
1.48269
1.35011
1.41823
1.41823
1.34354
0.176254
0.176254
0.530263
0.510169
0.510169
0.510169
0.510169
0.399091
0.399091
0.399091
0.399091
0.399091
0.482836
0.502999
0.502999
0.502999
0.502999
1.5733
1.5733
1.5733
2.76996
2.76996
2.76996
2.76996
2.76996
2.08395
2.41612
2.05182
2.05182
2.14569
2.17965
1.9416
2.96697
3.58068
3.5057
3.5057
4.214
4.214
3.93284
3.89295
3.98063
4.14124
4.71528
4.65404
4.65404
4.65404
4.44241
3.30443
3.30443
3.73883
3.73883
3.73883
4.17827
4.10343
4.10343
3.07152
2.36771
1.98642
1.98642
2.56201
2.56201
1.66073
1.66073
1.66073
0.792788
0.792788
0.930814
0.930814
0.930814
0.930814
0.690352
0.690352
1.21745
1.21745
1.21745
1.21745
1.21745
1.21745
1.21745
1.50574
1.01942
0.844527
0.844527
0.819947
0.819947
0.819947
1.35677
1.94573
1.87244
2.79903
2.79903
2.37888
2.60274
2.59402
1.74405
1.00879
1.00879
1.00879
1.21325
1.21263
1.21263
1.21263
1.33599
0.883909
0.333674
0.333674
0.333674
0.333674
0.333674
0.680667
0.680667
0.680667
0.680667
0.680667
0.935997
0.935997
1.1071
1.1071
1.1071
0.89017
1.93657
1.93657
2.09639
2.09639
2.09639
3.01751
3.01751
3.1539
3.36351
3.36351
3.50676
2.83005
2.83005
2.83005
2.83005
2.83005
1.60684
1.43596
1.27907
0.807546
0.807546
0.895671
0.895671
1.47218
1.47218
1.47218
1.47218
1.47218
1.47218
1.14347
1.14347
1.14347
1.14347
1.14347
1.14347
1.14347
1.05795
1.05795
1.46132
0.683261
1.44903
1.44903
1.4261
1.51933
1.85355
1.85355
2.31029
2.31029
2.31029
2.5483
2.5483
2.7789
2.88422
3.25189
3.25189
3.25189
3.04558
3.04558
2.50215
2.50215
2.1417
2.1417
1.66737
1.68698
1.80016
1.80016
0.86453
0.86453
0.86453
1.16355
1.16355
1.45583
1.97108
1.48168
1.48168
1.48168
2.0111
2.0111
2.0111
3.14729
2.35738
2.35738
2.01449
2.19011
1.60242
1.60242
0.917071
1.38018
1.38018
1.38018
1.38018
1.38018
2.00312
2.00312
2.00312
2.00312
2.00312
2.00312
2.00312
2.00312
1.57242
1.57242
1.5085
1.5085
1.06111
0.9953
0.804442
0.804442
0.716286
0.716286
0.716286
1.26304
1.26304
1.21602
1.21602
0.934795
0.934795
0.762899
1.73883
1.73883
1.64475
1.64475
1.64475
1.64475
1.64475
1.64475
1.64475
1.64475
1.64475
2.33581
1.66316
1.5069
0.424352
0.424352
0.505714
0.505714
0.505714
0.505714
1.17318
0.474391
0.474391
0.474391
0.474391
0.474391
1.15645
1.15645
1.55534
1.55534
2.1506
1.86651
1.32527
1.32527
1.32527
1.32527
1.32527
1.32527
1.53697
1.53697
1.36333
1.36333
1.17089
1.25392
1.25392
2.0022
1.30961
1.30961
1.69764
0.989937
0.989937
1.56498
1.49198
1.20009
2.37643
2.90894
2.90894
2.64636
2.13084
1.63535
0.963539
0.963539
1.14396
1.23669
0.509583
0.509583
1.35536
1.37763
1.87733
1.66653
0.742172
1.24144
1.24144
1.55398
1.20236
1.20236
0.636334
0.636334
0.738988
0.738988
0.66295
0.66295
1.13169
0.666405
0.666405
0.420471
0.420471
0.420471
1.05944
1.05944
1.05944
1.05944
1.05944
1.01405
0.921793
0.921793
0.921793
1.46908
1.46908
2.61885
2.61885
3.04712
3.04712
3.52138
3.2408
3.50538
3.50538
3.50538
3.50538
3.37771
3.37771
3.37771
2.94393
2.86884
2.84664
2.84664
2.69619
2.69619
2.69619
2.88139
2.40749
2.40749
1.92557
1.92557
1.92557
1.92557
1.92557
1.92557
1.9401
1.9401
1.94337
1.19184
1.19184
1.19184
0.664364
0.664364
0.664364
1.06574
0.697484
0.697484
0.697484
1.27034
1.74967
1.7885
1.19412
1.16474
1.16474
1.16474
1.50902
2.25403
2.04475
2.7437
2.7437
2.7437
2.79209
2.57327
2.57327
2.36343
2.36343
2.36343
1.50438
1.81692
1.45572
1.45572
1.45572
0.544794
0.544794
0.544794
0.544794
0.544794
0.544794
0.544794
0.544794
1.18183
1.18183
1.18183
1.18183
1.18183
1.26777
1.26777
1.26777
0.579845
0.579845
0.579845
0.579845
0.930001
0.930001
0.677343
0.829223
0.829223
0.342841
0.342841
0.342841
0.342841
0.77504
1.2786
0.600198
0.600198
0.600198
0.600198
1.3736
1.4955
1.4955
1.88605
1.88605
1.88605
1.88605
1.60598
1.60598
0.963757
0.963757
0.963757
0.963757
0.963757
0.308686
0.308686
0.308686
0.308686
0.285787
0.285787
0.285787
0.285787
0.285787
0.285787
0.285787
0.285787
0.285787
1.21615
1.21615
1.21615
1.21615
1.24324
1.51646
1.51646
1.51646
1.51646
1.51646
1.51646
1.84355
1.75722
1.75722
1.75722
1.75722
1.27198
1.27198
1.27198
1.27198
1.28755
1.12665
1.12665
1.12665
0.679052
0.734707
0.734707
0.734707
0.734707
0.734707
0.734707
2.04596
2.20545
1.20054
1.39126
1.76852
1.2635
1.8007
1.29568
1.29568
0.576927
0.576927
1.14137
1.14137
1.14137
1.14137
1.14137
1.14137
1.14137
1.14137
1.14137
1.14137
1.14137
1.89456
1.45379
1.12751
1.12751
1.12751
0.539817
0.539817
0.539817
0.539817
0.755705
0.755705
0.755705
1.0632
1.0632
1.25754
0.619912
0.853595
0.853595
0.982631
0.982631
0.982631
0.982631
1.6592
1.6592
1.63715
2.02735
2.02735
1.60742
1.60742
1.60742
1.60742
1.60742
1.59216
1.35511
0.824967
0.824967
0.294165
0.294165
0.294165
0.294165
0.294165
0.294165
0.294165
0.294165
0.294165
0.294165
0.294165
1.37901
1.37901
0.98528
0.585681
0.585681
0.585681
0.585681
0.676395
0.676395
1.56487
1.19439
1.91242
1.91242
1.91242
1.91242
1.36866
1.36866
1.09098
1.09098
1.21494
1.21494
2.14365
2.2934
2.32138
2.32138
2.41074
2.9048
1.305
1.46809
1.46809
1.03464
1.03464
1.41244
2.52559
2.52559
2.52559
2.52559
2.52559
2.52559
2.43613
1.25259
1.25259
1.06544
1.15971
1.15971
1.38368
1.38368
1.09076
1.17783
0.895689
0.895689
0.895689
0.895689
0.633338
0.633338
0.633338
0.623689
0.60443
1.11476
1.11476
1.04199
0.674076
0.674076
0.674076
0.877716
0.877716
1.12563
2.04631
2.15835
1.45654
1.45654
2.3997
1.6336
1.6147
1.54756
1.54756
1.54756
1.46144
1.46144
1.63292
0.609751
0.939213
1.20611
0.623136
0.623136
0.623136
0.623136
1.61467
0.857556
1.12341
0.372485
0.975233
0.975233
0.975233
1.31413
1.31413
1.38738
1.38738
1.38738
1.38738
1.38738
1.38738
2.26494
2.26494
2.75785
2.09451
2.09451
2.09451
2.62081
2.62081
2.62081
2.58667
2.58667
2.58667
3.05664
3.05664
1.91251
1.91251
2.35013
2.43101
2.43101
2.43101
2.43101
2.07646
2.02394
2.02394
0.80332
1.64653
2.25826
2.52346
2.13234
2.13234
2.13234
2.13234
2.08343
2.37479
3.44112
3.03986
1.75263
1.75263
1.75263
1.83087
1.83087
1.83087
2.22605
2.22605
2.59509
2.59509
2.59509
2.59509
2.59509
2.77604
2.77604
2.56765
2.56765
1.95651
1.50881
0.845278
0.84789
0.793624
0.793624
0.793624
0.793624
0.793624
0.793624
0.733651
1.69922
1.69922
0.947531
0.947531
0.947531
1.44528
2.5176
2.26442
2.40792
2.40792
2.40792
3.17759
3.17759
3.17759
2.88351
2.76424
2.61029
2.82735
2.74054
1.57511
2.45914
2.67695
2.67695
2.96658
1.62222
1.2968
1.07252
1.07252
0.653506
0.653506
0.391987
0.391987
0.936345
0.936345
0.936345
0.936345
0.936345
0.936345
1.2662
1.2662
1.2662
1.7167
1.7167
0.691711
1.28455
2.40955
2.55526
2.38503
2.38503
2.34498
2.34498
2.34498
2.34498
2.34498
3.11115
2.2285
1.15194
0.976961
0.976961
0.826402
0.415263
0.415263
0.415263
0.415263
0.380639
1.474
1.474
1.474
1.92949
1.38972
1.38972
1.38972
0.771038
0.93559
0.93559
0.93559
1.07205
1.07205
1.11259
1.70823
0.827196
0.827196
0.796731
1.0372
1.20393
1.20393
0.733788
0.733788
0.449813
0.449813
0.449813
0.449813
1.18818
1.18818
1.33432
1.33432
1.2915
1.2915
0.973516
1.05531
1.05531
1.05531
0.924896
1.81464
1.69346
1.6128
2.04664
2.04664
2.48323
2.48323
2.48323
2.78586
2.78586
2.75362
3.59077
3.59077
3.39673
2.35688
3.0983
2.91153
2.84803
3.16161
3.16161
3.30171
3.36014
2.80077
2.80077
2.80077
2.80077
2.42915
2.42915
1.69547
1.69547
1.68817
1.29755
1.99497
1.99497
1.99497
1.99497
1.99555
1.99555
1.99555
2.35764
1.6538
1.301
1.80284
0.961836
0.961836
0.961836
1.66803
1.4891
2.33099
2.33099
2.33099
2.12202
1.69873
1.99444
1.64087
2.7882
1.659
1.659
1.67328
1.68838
2.57444
1.13099
1.13099
1.67396
1.67396
1.67396
1.26062
1.41521
1.54572
1.54572
1.6614
1.63258
1.63258
1.67537
1.34106
2.29688
2.29688
1.70075
1.70075
1.40584
1.40584
1.4839
1.61897
1.61897
0.613576
0.451792
0.451792
0.451792
0.451792
0.451792
0.936062
0.424868
0.424868
0.424868
0.615583
1.44416
1.44416
1.18334
0.340202
0.340202
0.340202
0.340202
0.340202
1.34985
1.34985
1.34985
1.76383
1.76383
0.851258
0.870871
1.20045
1.20045
1.13268
0.792903
0.792903
0.792903
0.424413
0.424413
0.424067
0.424067
0.424067
0.424067
0.424067
0.424067
0.424067
1.01011
1.01011
1.01011
1.01011
1.01011
1.01011
1.01011
1.01011
1.01011
1.01011
1.01011
1.01011
1.2524
0.93637
0.93637
0.93637
0.93637
0.813548
0.813548
0.813548
0.813548
0.813548
0.813548
0.813548
0.813548
0.813548
0.813548
0.813548
0.813548
0.813548
0.892635
0.904929
0.888004
0.888004
1.13586
1.81438
1.81438
0.881653
1.98115
1.98115
1.65048
1.65048
1.65048
0.852581
0.852581
1.1607
1.83253
1.70522
2.47813
1.83196
1.83196
1.83196
1.83196
1.97187
1.87855
1.87855
1.12009
1.41285
1.1817
1.33843
1.59839
1.59839
0.644484
1.17578
1.17578
1.17578
1.17578
1.17578
1.17578
1.17578
1.17578
0.871894
0.871894
0.986121
0.986121
0.986121
0.986121
0.986121
0.986121
0.986121
0.986121
0.986121
0.986121
0.986121
0.986121
0.996862
0.527382
0.527382
0.527382
0.527382
0.527382
0.996278
1.41665
1.41665
1.41665
2.16837
2.19013
2.19013
2.19013
2.19013
3.12566
3.12566
3.12566
3.12566
3.20575
3.70142
3.70142
3.70142
3.70142
3.64271
3.69478
3.69478
3.69478
3.69478
3.69478
3.69478
3.69478
2.98205
1.3214
1.3214
1.3214
1.3214
1.49214
1.42687
1.42687
1.09877
0.629911
0.629911
0.629911
0.629911
0.629911
0.629911
0.629911
0.629911
0.750596
0.750596
0.885679
0.137551
0.137551
0.137551
0.137551
0.137551
1.12942
1.12942
0.61253
0.61253
0.978918
0.978918
0.978918
0.803689
0.803689
0.803689
1.40979
1.40979
1.40979
2.37784
2.37784
2.37784
1.86266
1.86266
1.86266
1.12483
1.12483
1.12483
1.12483
1.13288
1.13288
0.694895
0.694895
0.694895
0.694895
0.694895
0.694895
0.694895
0.694895
0.694895
0.694895
0.694895
0.996403
1.07128
1.07128
1.74443
1.54334
0.879888
1.16177
0.869296
0.998437
2.13618
1.66919
1.66919
1.58238
0.404261
0.404261
0.404261
0.54649
0.54649
0.54649
0.303625
0.572461
0.860148
0.860148
0.860148
0.860148
0.860148
0.860148
0.860148
0.860148
0.860148
0.860148
0.860148
0.860148
1.0519
1.33693
1.33693
0.851617
0.851617
1.46478
1.46478
1.46478
1.46478
0.509842
1.25659
1.25659
2.04013
2.04013
2.04013
2.02276
1.78568
1.78568
1.95403
1.88799
1.88799
2.47874
2.79643
2.33736
2.33736
2.33736
1.22718
1.22718
1.22718
1.22718
2.10018
0.980423
0.980423
0.980423
0.962053
0.962053
0.962053
0.962053
0.897153
1.74587
1.55175
1.55175
1.55175
0.9507
1.21045
1.19863
1.19863
1.10756
1.10756
1.10756
1.02789
1.02789
1.02789
1.02789
1.02789
1.43205
1.27382
1.27382
1.05363
1.99465
1.78245
1.78245
0.978127
1.28246
1.341
1.62755
1.62755
2.27326
2.27326
2.27326
2.59416
2.59416
1.82424
2.77533
2.64357
2.64357
2.64357
2.64357
2.67244
2.98744
2.28995
0.879698
0.879698
0.879698
0.879698
0.879698
1.36157
1.70411
2.17471
2.05729
1.6581
1.6581
1.84372
1.84372
1.84372
0.668142
1.10732
1.27012
1.27012
0.590447
1.13564
1.64421
1.92022
1.92022
2.17819
2.38314
2.38314
2.5058
2.2048
2.16913
2.68264
2.35295
2.35295
1.32931
1.24174
0.797638
1.13583
1.10813
1.10813
1.15681
0.845005
0.845005
0.733607
0.733607
0.376393
0.376393
0.376393
0.376393
0.376393
0.896873
0.896873
0.896873
0.896873
1.4492
1.6505
0.836502
0.836502
0.836502
0.875194
0.509838
1.52021
1.40036
1.32475
1.32475
1.32475
2.05572
1.03946
0.886357
1.0095
0.996969
1.72246
2.08345
2.08345
2.05219
1.71926
2.50272
2.36689
2.36689
2.36689
1.67558
1.79046
1.57879
2.49397
2.50687
2.88616
3.22196
2.74301
2.94071
2.99066
2.99066
2.70542
2.70542
2.1568
2.33815
1.58364
1.58364
1.58364
1.02984
1.02984
1.02984
0.640627
0.640627
0.725868
0.522754
0.522754
0.509191
0.509191
0.509191
0.509191
0.894348
0.84928
1.33063
1.25124
1.25124
1.25124
1.50523
1.44187
1.44187
1.21748
1.21748
1.21748
1.08953
1.08953
1.08953
1.08953
1.08953
1.08953
0.428751
0.428751
0.428751
0.428751
0.428751
0.775962
0.775962
0.775962
0.569676
0.569676
0.833244
0.833244
0.833244
0.833244
0.833244
1.24801
1.24801
1.24801
0.641615
0.641615
0.641615
0.641615
0.641615
0.816129
0.816129
0.816129
0.816129
0.816129
0.816129
1.36086
1.36086
1.06967
0.959447
0.959447
0.965641
1.14154
1.14154
1.14154
1.14154
1.81117
1.81117
1.81117
1.81117
2.10225
2.10225
1.52489
1.0496
1.0496
1.0496
1.0496
1.0496
1.0496
0.485927
0.485927
1.16431
1.16431
2.38477
2.27235
2.27235
2.27235
2.27235
2.21918
1.67099
1.67099
1.85628
1.85628
2.85849
3.10103
3.10103
3.10103
3.10103
2.78104
3.34431
3.34431
3.29295
3.29295
3.29295
2.07131
2.74374
2.74374
2.52245
2.52245
1.80165
1.80165
1.80165
1.22827
1.22827
2.3438
1.63257
1.63257
1.63257
1.63257
1.63257
2.43606
1.61856
1.9458
1.9458
2.59999
2.76709
1.78933
1.78933
2.09423
2.11166
1.8097
1.8097
1.8097
1.8097
1.8097
1.8097
1.8097
1.8097
1.41262
1.12136
1.12136
1.12136
1.12136
1.12136
1.12136
1.12136
1.31482
1.2235
1.2235
1.03268
1.03268
1.03268
1.03268
1.03268
0.671327
0.671327
0.671327
0.671327
0.671327
1.23501
0.421044
0.421044
1.19065
1.59892
1.59892
1.59892
1.59892
1.59892
1.59897
2.28985
1.50023
0.881044
0.881044
0.881044
0.881044
0.881044
0.740243
0.740243
1.50692
0.446207
0.446207
0.446207
0.260918
0.260918
0.260918
0.825778
0.825778
0.825778
0.825778
0.825778
0.825778
0.825778
0.825778
1.29672
1.29672
1.29672
0.783088
0.593894
0.589805
0.589805
0.589805
1.39188
1.39188
1.47813
1.45994
1.45994
1.1073
1.1073
2.20975
1.98434
1.83807
1.03121
0.507669
0.507669
0.507669
0.507669
0.507669
0.792175
0.792175
1.09549
1.95487
1.95678
1.95678
2.16484
1.04169
0.611787
0.611787
0.611787
0.611787
1.16364
1.16364
1.27418
1.27418
1.27418
1.02835
1.4148
1.4148
1.4148
0.735052
0.735052
0.735052
0.669122
0.855749
0.855749
0.581477
0.581477
0.581477
0.581477
0.730217
0.730217
0.730217
0.991368
0.991368
0.991368
0.991368
0.991368
0.991368
0.962087
0.864925
1.4454
2.12321
2.67443
1.80452
1.80452
1.80452
1.80452
1.80452
0.740652
0.421908
0.421908
0.421908
1.76161
0.490179
0.742358
0.921225
0.921225
1.13144
1.22865
1.22865
1.72974
1.16907
1.16907
1.16907
1.16907
1.59088
0.963509
0.963509
1.05842
1.36371
1.60459
1.67297
2.0917
2.0917
2.0917
2.0917
2.00855
1.24339
1.24339
0.988384
1.1746
1.56084
1.56084
1.56084
1.55164
1.16109
1.73405
2.56579
2.59984
3.09887
3.09887
3.09887
3.09887
3.09887
3.60592
3.77124
2.60432
2.60432
2.07452
2.63032
1.78136
1.21608
1.935
2.05392
3.16394
3.47927
3.47927
3.19074
3.19074
2.64394
1.66715
1.30993
1.8321
1.8321
1.25029
1.25029
2.90203
2.90203
2.90203
3.03798
2.98506
2.98506
2.98506
2.98506
2.98506
3.26584
3.08205
3.08205
2.07444
2.18256
1.87284
2.1686
1.29152
1.28701
1.28701
1.99625
1.99625
1.99625
1.99625
1.99625
2.12543
2.36084
2.36084
2.36084
2.24559
1.76441
1.80656
1.80656
1.80656
1.80656
1.80656
2.93097
2.93097
2.93097
2.93097
2.3382
1.4363
1.09952
1.09952
0.121283
0.121283
0.121283
0.121283
0.121283
0.121283
0.121283
0.121283
0.121283
1.70852
1.70852
1.70852
1.70852
1.73447
0.974221
0.974221
0.974221
2.3017
1.40032
1.25044
1.68824
1.68824
1.93744
2.93878
2.38287
2.38287
2.10784
2.10784
1.90368
1.90368
1.92388
1.92388
3.03406
3.03406
3.03406
3.9439
5.16684
4.67039
3.94211
3.76288
3.99293
3.21413
2.9336
3.45669
2.56838
2.77291
1.40822
1.40822
1.53035
1.53035
1.55034
2.81237
2.33628
2.33628
2.33628
2.33628
2.52395
2.52395
2.34323
2.34323
2.34323
1.86599
1.79254
1.79254
1.83182
1.83182
1.83182
1.83182
1.83182
1.23901
2.02072
1.90825
1.9415
1.9415
1.9415
0.779994
0.779994
0.779994
0.779994
0.779994
0.81397
0.81397
1.33181
1.33181
1.33181
1.75043
2.51108
2.51108
1.95874
1.9546
2.11509
1.45834
2.41756
2.41756
2.75635
2.40493
2.40493
2.47734
2.6479
2.45445
2.45445
2.59913
3.19615
3.19615
2.94086
2.03262
2.03262
1.54541
1.54541
0.731442
0.731442
0.731442
0.731442
0.731442
0.731442
0.695668
0.695668
0.695668
0.695668
0.546019
0.949861
0.949861
1.27172
1.32072
0.482153
0.482153
0.482153
0.482153
0.482153
0.482153
0.482153
1.10692
1.10692
0.530713
0.530713
0.530713
1.59434
1.53055
1.53055
1.15349
1.15349
1.15349
1.15349
1.15349
1.15349
1.15349
1.15349
1.15349
1.15349
1.15349
1.60578
1.60578
1.25463
1.25463
1.25463
1.25463
1.55049
1.55049
1.55049
0.732749
0.732749
1.20384
1.20384
1.20384
0.874751
0.874751
1.07272
1.07272
1.07272
1.07272
1.07272
1.07272
1.07613
2.11247
2.11247
1.63644
2.11573
2.11573
2.11573
2.11573
2.11573
2.11573
2.11573
1.83064
2.40769
2.89687
2.75977
2.75977
2.75977
2.59495
2.94314
3.84674
3.84674
3.16694
2.59596
2.19809
2.15596
2.15596
2.15596
2.46528
2.63434
2.60068
3.17303
2.99636
3.67828
3.42604
2.51473
2.51473
2.51473
1.93299
2.40016
2.40016
1.277
1.3862
1.00125
2.12168
2.97217
2.97217
2.96735
2.96735
2.22803
1.81684
1.29234
2.20071
1.48035
2.02428
2.02428
2.02428
2.02428
2.02428
2.02428
1.87195
1.87195
1.87195
1.87195
2.67779
1.69098
0.85595
0.749092
0.749092
0.809859
0.862033
0.409721
0.754087
0.754087
0.754087
0.754087
0.754087
0.754087
0.754087
0.754087
0.882172
1.32033
1.32033
1.32033
1.32033
1.32033
1.14398
1.14398
1.14398
1.24033
1.24033
0.92086
0.92086
0.192803
1.16861
1.98768
1.35068
0.622446
0.217175
0.217175
0.217175
0.217175
0.217175
0.217175
0.217175
0.217175
0.217175
1.52388
1.18613
1.18613
1.49353
1.49353
1.13149
1.13149
0.818089
0.818089
1.15542
1.13007
1.0833
1.19368
0.58199
0.51009
0.51009
0.51009
1.12227
1.12227
1.12227
1.83985
1.4131
0.554659
0.554659
0.554659
0.554659
0.554659
0.554659
0.507303
0.507303
1.09038
1.09038
1.2991
2.18264
1.89019
1.89019
1.82588
1.42241
0.844697
0.844697
0.844697
0.844697
0.844697
0.844697
0.844697
1.55109
1.21036
1.11606
1.36056
1.36056
1.15693
1.15693
1.15693
1.15693
1.15767
1.15767
1.15767
1.10559
1.27593
1.27299
1.27299
1.13246
1.58561
1.58561
1.49317
1.49317
1.49317
1.49317
1.49317
0.288341
0.288341
0.288341
1.37661
1.96172
1.96172
1.96172
1.96579
1.96579
2.37685
2.37685
2.37685
2.37685
2.37685
1.94659
1.94659
1.94659
2.10968
2.10968
2.25151
1.84657
3.0475
2.12004
2.00065
2.00065
2.55377
2.03081
2.02544
0.711503
0.711503
0.711503
0.711503
0.711503
0.711503
0.711503
0.711503
0.711503
0.711503
1.03771
0.683104
0.683104
1.09686
1.04641
1.04641
0.645796
0.645796
1.54108
1.54108
1.71864
1.71864
2.68126
2.43213
2.43213
2.35049
2.27893
2.65489
1.99925
1.99925
2.09392
1.68901
1.68901
2.59258
1.9746
1.9746
1.9746
2.2719
2.2719
2.03654
2.24054
2.12933
1.90573
1.90573
1.4117
1.4117
1.4117
0.421534
0.421534
0.421534
0.421534
0.421534
0.421534
0.421534
0.421534
0.421534
0.421534
0.421534
1.21921
0.805608
0.805608
0.805608
0.805608
0.805608
0.781541
0.781541
0.781541
0.781541
0.781541
0.768556
0.827484
0.616828
0.616828
0.616828
1.29865
1.51527
1.5946
2.08604
1.09318
1.09318
1.09318
1.09318
1.28976
1.28976
2.03557
1.72185
1.33614
1.33614
1.33614
1.33614
0.568734
0.895491
1.03204
0.286903
0.286903
0.286903
0.286903
0.286903
0.286903
0.286903
0.286903
0.286903
0.286903
0.286903
0.741549
0.741549
0.684449
0.684449
0.684449
0.684449
0.684449
0.785039
0.785039
0.943933
0.645842
0.645842
0.645842
0.645842
0.645842
0.645842
0.645842
0.645842
0.645842
0.645842
0.645842
0.645842
1.03828
0.536478
0.536478
0.536478
0.536478
0.536478
0.536478
0.536478
0.536478
0.536478
0.536478
0.536478
0.536478
0.536478
0.734615
0.734615
0.653911
0.653911
0.673471
1.50352
2.42469
2.4991
2.71416
3.27449
3.38484
3.38484
3.38484
3.313
3.313
3.313
2.7738
2.7738
3.62153
3.62153
3.62153
3.62153
3.62153
3.62153
2.99101
2.18777
2.27978
2.00963
0.913367
0.913367
0.913367
0.913367
1.11331
1.24665
1.24665
1.24665
1.0463
1.0463
1.12765
1.48833
1.86808
0.958802
0.855856
0.855856
0.855856
0.855856
0.855856
0.767841
0.437122
0.437122
0.437122
0.437122
0.437122
0.966503
0.966503
0.966503
1.65781
1.14295
1.46906
1.46906
1.46906
1.82344
1.54088
1.54088
1.63272
3.09211
3.09211
3.24814
3.24814
2.37639
2.37639
2.37639
1.91081
0.826624
1.13283
1.25472
1.25472
1.53512
1.53512
1.53512
1.49585
1.35396
1.95586
1.66277
1.66277
1.43954
1.43954
2.57037
1.76276
1.47897
1.28676
1.28676
1.33697
0.4712
0.783745
0.518626
0.921786
0.921786
1.36114
1.36114
1.41856
1.41856
1.80333
1.35209
2.256
2.18137
2.18137
2.53181
2.53181
1.53015
1.41616
1.54622
1.54622
1.54622
1.73768
2.12216
2.12216
2.17601
2.75965
2.75965
3.46667
2.64748
2.83223
3.27472
3.17005
3.17005
2.80224
2.811
2.811
1.81869
1.68151
1.64108
1.64108
1.2537
0.832298
1.66139
1.41423
1.41423
1.4601
1.48116
1.35892
1.90451
1.87914
1.87914
1.87914
1.50399
1.50399
1.66147
1.66147
1.0568
1.0568
1.0568
1.0568
1.0568
1.0568
1.0568
1.13355
1.13355
1.13355
1.13355
1.13355
1.37038
1.92573
1.92573
1.92573
1.91633
1.86339
2.76632
2.76632
2.28577
2.28577
2.28577
1.92972
1.92972
1.99472
1.16808
1.08801
1.08801
1.08801
2.09762
2.09762
2.426
2.426
2.426
2.34094
1.94563
1.94563
2.90251
2.90251
2.43151
2.43151
2.43151
2.23221
2.23221
2.23221
2.23221
2.23221
2.23221
1.58228
1.58228
1.58228
1.58228
1.58228
2.06897
1.83633
2.0745
1.86771
2.07491
2.07491
2.07491
2.04765
1.99266
1.99266
2.32175
2.00721
2.00721
2.00721
2.82693
2.88052
2.44557
2.89179
2.89179
2.89179
2.89179
2.89179
2.66611
2.66611
2.05333
2.1888
2.1888
2.1888
2.1888
2.1888
2.04285
2.04285
1.83291
1.60426
1.84378
1.0043
1.0043
1.0043
0.858435
0.858435
1.06017
1.06017
0.977163
0.977163
0.914672
0.914672
0.644197
1.31277
1.69172
1.69172
1.69172
1.09268
1.86748
1.84304
1.84304
2.31195
2.27328
2.27328
2.50055
2.06622
2.06622
2.42474
2.23868
3.41666
3.19225
4.85793
4.85793
4.35618
3.90009
2.89991
2.93529
2.8036
2.33311
2.17606
2.17606
2.17606
2.01109
2.57481
2.34647
1.81761
1.81761
1.81761
1.81761
1.81761
1.81761
1.81761
1.81761
1.81761
2.1161
1.23422
0.458402
0.458402
0.810364
0.810364
0.811971
0.811971
0.779523
1.37034
1.37034
1.37034
1.37034
1.37034
1.37034
1.37034
1.37034
0.843875
1.33053
1.33053
1.86536
1.85272
2.64388
2.64388
3.28437
3.28437
2.47015
2.29051
2.93201
2.93201
2.93201
3.10149
3.66051
3.03763
3.03763
2.97979
2.85951
1.63961
1.63961
1.82639
1.82639
1.40228
1.3441
1.68801
1.68179
1.68179
2.09719
2.32283
2.32283
2.32283
2.23309
1.81107
1.81107
1.6284
1.6284
1.4767
0.9422
0.9422
0.641384
0.58889
0.58889
0.58889
0.712048
0.830337
1.28016
0.903883
1.12032
1.12032
1.12032
1.2474
1.29234
1.29234
1.29234
1.29234
1.29234
1.29234
1.29234
1.29234
1.29234
0.625099
0.625099
0.625099
0.625099
0.625099
0.625099
0.625099
0.625099
1.69364
1.69364
1.36348
1.36348
1.36348
1.40094
1.40094
1.27572
2.42377
2.42377
2.42377
2.42377
2.42377
2.42377
2.42377
2.42377
2.40339
2.15049
2.15049
2.36845
2.36845
2.36845
2.87323
2.87323
1.86103
1.86103
1.44108
1.44108
1.44108
1.04657
1.16312
0.903875
2.36816
1.78886
1.78886
1.34583
1.34583
1.34583
1.15807
1.15807
1.15807
0.690877
0.690877
0.639323
0.639323
1.17555
1.27003
1.30076
1.30076
1.6483
1.6483
1.50346
1.07568
2.45822
2.45822
2.45822
2.45822
2.45822
1.47906
1.47906
1.47906
2.46579
2.46579
2.46579
2.61831
2.15067
2.15067
2.15067
2.80947
2.80947
2.48685
2.48685
2.31175
2.31175
1.518
1.18626
0.750106
1.03906
1.4334
1.9552
1.64132
1.12181
1.12181
2.06171
2.37625
2.31434
2.43833
2.29706
2.3815
2.3815
2.3815
2.27578
2.27578
2.59581
2.66255
2.07126
2.1669
2.67813
2.67813
2.73679
2.73679
2.73679
2.2256
2.2256
2.2256
2.40092
1.10893
1.10893
1.10893
1.59165
1.60914
0.768136
0.768136
0.768136
0.768136
0.768136
0.768136
0.888848
0.439203
1.01541
1.01387
1.01387
1.01387
1.01387
1.01387
1.01387
1.01387
1.01387
1.01387
1.59209
1.34231
1.34231
1.77759
1.77759
1.77759
1.77759
1.57104
1.57104
1.57104
1.57104
1.57104
1.65723
1.65723
0.924134
0.924134
0.924134
0.924134
0.924134
0.822354
0.68781
0.68781
0.0156292
0.0156292
0.0156292
0.0156292
0.0156292
0.0156292
0.0156292
0.0156292
0.0156292
0.0156292
0.0156292
0.0156292
0.0156292
0.0156292
0.0156292
0.820912
0.820912
0.820912
0.796836
0.796836
0.722676
0.722676
0.722676
0.722676
0.722676
0.722676
0.722676
0.722676
0.849917
0.849917
1.68327
1.69295
1.69295
0.673483
0.673483
0.464144
0.464144
0.464144
0.464144
0.470012
0.470012
0.709671
0.853458
0.853458
0.853458
0.463171
0.463171
0.463171
0.463171
0.463171
0.463171
0.463171
0.463171
0.463171
0.463171
0.595707
1.355
1.22251
1.22251
2.03484
2.27986
0.90125
0.90125
0.603693
0.603693
0.603693
0.603693
0.596726
0.596726
0.596726
0.596726
1.72535
1.72535
0.980295
0.980295
0.980295
0.735707
0.735707
1.58482
1.58482
1.58482
1.58482
2.6849
3.05895
2.87088
2.87088
1.94936
1.94936
1.94936
1.39395
0.990262
0.611168
0.611168
0.611168
0.611168
0.611168
1.26797
1.41432
1.41432
1.41432
1.38308
1.38308
1.38308
1.38308
1.38308
1.28115
1.56046
1.56046
1.56046
1.61342
2.11774
2.41202
2.41202
2.20485
1.32416
1.21844
1.58208
1.58208
1.58208
1.58208
1.38028
1.38028
0.357982
1.18403
1.51792
1.78036
1.63595
1.85009
1.85009
1.63796
1.63796
0.960571
0.960571
1.10011
1.10011
1.10011
1.13138
0.556191
0.556191
0.570425
0.570425
1.39046
1.39046
1.28509
1.28509
0.845791
0.845791
2.0097
2.56892
2.56892
3.29119
4.01368
3.31799
2.92561
2.92561
2.83574
1.70459
1.71352
1.83559
0.881881
0.881881
0.881881
1.22419
1.22419
1.56494
1.56494
1.54981
1.54981
1.1206
2.0291
1.69805
1.69805
2.35663
2.20074
3.21875
3.21875
3.21875
3.66122
2.5211
2.5211
0.871305
0.871305
0.871305
0.871305
0.970212
0.970212
0.970212
0.822058
0.822058
0.80814
0.80814
0.894384
0.894384
0.894384
1.70999
1.70999
2.01598
2.01598
2.36097
2.36097
1.99251
1.68056
1.68056
2.06825
2.06825
2.11708
2.11708
2.11708
1.98844
2.13511
1.49962
1.61691
1.61691
1.02777
0.377692
0.377692
0.377692
0.377692
0.377692
0.377692
0.937438
0.937438
0.937438
0.937438
0.937438
0.937438
1.25314
1.51641
1.51641
1.51641
1.51641
1.44185
1.44185
1.85058
1.85058
1.85058
1.88676
1.88676
2.7219
2.70236
3.55766
3.99483
3.99483
4.42175
4.42175
3.60223
3.60223
3.92026
4.73852
4.00546
3.51305
2.83006
2.83006
3.16818
3.16818
3.16818
3.14079
3.14079
3.14079
2.64288
1.65219
1.65219
2.11191
2.94308
2.94308
2.21508
2.21508
2.21508
2.16132
1.9821
2.10413
2.27291
2.27291
1.86202
2.73388
2.40315
2.40315
2.40315
2.28478
2.28478
2.00773
2.00773
2.60661
2.60661
2.08159
2.14532
2.14532
2.14532
1.41266
1.41266
1.41266
1.41266
1.51199
1.51199
1.51199
1.3103
1.3103
1.3103
1.53597
1.02664
1.43733
1.43733
1.43733
1.4068
1.28426
1.57155
1.57155
1.54081
0.786587
1.38638
2.1968
2.1968
2.1968
2.1968
1.84162
2.45615
2.45615
2.45285
1.40005
1.40005
0.963639
1.58537
2.04876
2.62567
2.73935
2.73935
2.12777
1.6634
1.6634
1.17873
1.11244
1.11244
1.44924
1.49374
1.49374
0.89735
0.89735
0.89735
0.47753
0.47753
0.47753
0.541348
0.541348
0.872883
0.872883
0.539345
1.23108
1.92798
1.92798
2.14805
2.52621
3.07023
2.39297
1.27897
1.27897
1.27897
1.27897
1.27897
1.4456
1.19433
0.928547
0.928547
0.98756
0.98756
1.89713
2.08451
1.32322
1.33701
0.858296
0.719242
1.05377
1.05377
1.05377
1.05377
1.05377
1.05377
1.05377
0.964134
1.04016
1.04016
1.21091
1.21091
0.76837
0.76837
0.76837
0.767304
0.767304
0.767304
0.626877
0.626877
0.626877
0.626877
1.12429
0.951132
0.951132
0.951132
1.09752
1.32205
1.2597
1.28338
1.34936
1.34936
1.79854
1.79854
0.733492
0.733492
0.733492
0.508069
0.508069
0.508069
0.508069
0.508069
0.508069
0.508069
1.61422
0.98655
1.80546
1.80546
1.80546
1.80546
1.59951
2.30669
2.04566
2.04566
1.71638
1.66769
1.26903
0.845836
0.845836
0.845836
0.845836
1.34713
1.92279
1.92279
1.56074
1.56074
2.12068
2.12068
2.08743
1.43678
1.43678
1.0687
0.729166
1.55964
1.55964
1.55964
1.55964
1.55964
1.20582
1.03633
1.03633
1.03633
0.91872
0.966298
0.966298
1.50206
1.46945
1.46945
1.32176
1.32176
1.32176
1.32176
1.32176
1.17101
2.51713
2.31661
2.31661
2.31661
2.31661
1.94188
1.83859
1.83859
1.83859
1.82899
1.82899
1.82899
1.70347
1.31249
1.31249
2.46017
2.07652
2.07652
2.4224
2.4224
2.4224
2.26244
2.38773
1.90597
1.86316
1.86316
1.86316
1.86316
1.86316
1.86316
1.16642
1.33115
1.76929
1.46349
0.920154
0.669604
0.669604
0.669604
1.40096
1.40096
1.13214
0.682679
0.682679
0.682679
1.00711
1.00711
1.00711
1.76313
1.77693
2.08048
2.33311
2.54248
1.70524
1.70524
1.5698
1.5698
1.5698
1.5698
0.91311
1.49936
1.03077
1.03077
1.47954
0.891423
0.660417
0.717499
0.717499
0.717499
0.794366
1.04779
0.559377
0.559377
0.559377
0.559377
1.79644
1.76422
1.76422
1.93731
1.93731
1.93731
1.31713
1.31713
0.816726
0.816726
0.816726
1.61651
1.61651
1.23243
1.32905
0.837378
0.837378
0.883041
0.883041
0.883041
0.883041
0.883041
0.389716
0.389716
0.389716
0.389716
0.389716
0.389716
0.677246
0.677246
0.747615
0.730226
0.730226
0.730226
0.730226
0.730226
1.41951
1.49352
1.49352
1.74613
1.74613
1.74613
2.27726
2.53925
3.3693
3.3693
2.48844
2.48844
2.48844
2.48844
2.49207
1.83969
1.83969
1.70343
2.24197
2.66364
2.2057
2.03412
1.55323
1.11224
1.00345
1.00345
0.35295
0.35295
0.35295
0.35295
0.35295
0.35295
0.35295
0.35295
0.35295
0.35295
0.35295
0.35295
1.44627
2.5043
2.5043
2.5043
2.5043
3.28929
2.95527
2.95527
2.77963
1.64766
1.64766
1.64766
1.64766
1.64766
1.85583
2.00403
2.00403
2.18719
2.18208
1.63538
1.47551
0.497215
0.497215
0.497215
0.518957
0.518957
0.518957
0.518957
0.518957
0.518957
0.518957
0.518957
1.27801
1.41482
1.41482
1.41482
1.33607
1.33607
1.33607
1.33607
0.688256
0.688256
0.366191
0.366191
0.638041
0.638041
0.638041
0.638041
1.38232
1.73514
1.73514
1.73317
1.93235
1.18459
1.38761
2.08622
3.09131
2.83481
2.71428
2.71428
2.47117
2.47117
1.58974
2.44279
2.44279
2.44279
2.44279
2.44279
1.61298
1.47052
1.17663
1.68031
1.68031
1.68031
0.839464
0.580324
0.580324
1.53374
1.39214
1.61602
2.34411
2.51232
2.51232
2.51232
2.51232
1.85314
1.85314
0.952291
0.952291
0.952291
0.911315
0.911315
0.911315
0.911315
1.22853
1.22853
1.22853
0.610712
0.610712
0.610712
0.610712
0.610712
0.944226
0.944226
1.4518
1.4518
2.01936
1.00411
1.00411
1.00411
1.28598
1.28598
1.28598
1.5682
1.19903
1.19903
1.19903
2.04115
1.8235
1.8235
1.74796
1.74796
1.59119
1.93822
1.382
1.1066
1.13762
1.0771
1.0771
1.0771
0.374274
0.374274
0.916094
1.03357
1.03357
0.983083
0.929477
0.871538
0.871538
0.871538
1.02096
1.02096
0.868193
0.868193
0.868193
1.04908
1.04908
1.04908
0.714487
0.714487
0.850514
0.850514
0.850514
0.850514
0.850514
0.850514
0.850514
0.850514
0.840927
0.783264
1.24271
1.79185
1.68801
1.68801
1.23546
1.15314
1.15314
1.15314
1.15314
1.15314
0.647054
0.647054
0.647054
0.647054
1.48168
1.48168
1.84342
2.61148
2.8625
2.8209
2.00056
2.00056
1.8251
1.47724
0.925046
0.925046
1.46481
1.46481
1.43879
1.70897
1.70897
1.70897
1.1263
2.32746
1.81564
2.32655
2.32655
2.32655
2.55927
2.55927
1.92608
1.18709
1.18709
1.18709
1.53686
2.06989
2.12763
1.80244
1.80244
1.23964
1.23964
0.753667
0.489252
1.05066
1.05066
0.671852
1.17689
1.17689
1.17689
1.17689
0.917186
0.917186
0.917186
0.917186
0.917186
0.917186
0.917186
0.917186
0.917186
0.917186
0.917186
0.917186
1.70311
2.46641
1.46191
1.46191
0.335497
0.335497
0.99374
0.99374
0.99374
0.99374
0.832828
0.832828
0.739121
0.739121
0.739121
1.04217
1.04217
1.78188
1.6164
2.3369
2.3369
2.3369
2.3369
2.3369
1.63549
1.63549
1.63549
1.63549
1.63549
1.96512
2.01175
2.01175
2.96802
2.96802
2.96802
2.96802
2.25055
1.0978
1.0978
0.754125
1.37886
0.703369
0.703369
0.463663
0.463663
0.463663
0.463663
1.32752
1.94213
2.43199
2.45895
2.36295
2.36295
2.36295
2.08954
2.08954
2.08954
2.07665
1.82743
1.82743
1.82743
1.75011
1.75011
0.898434
0.898434
0.676528
1.60591
0.711224
0.711224
0.711224
0.711224
0.980592
0.659094
0.659094
0.659094
0.659094
0.659094
0.659094
0.700553
0.700553
0.659399
0.659399
1.34063
1.34063
0.969841
0.969841
0.969841
0.969841
0.969841
0.969841
0.969841
0.969841
0.969841
1.15118
1.15118
1.10053
1.10053
1.51798
1.51798
1.51798
1.51798
1.51798
1.113
0.932685
1.22381
1.22381
1.4588
1.4588
1.4588
1.23872
0.676125
0.676125
0.676125
0.676125
0.676125
0.309714
0.309714
0.309714
0.309714
0.309714
1.04698
1.31955
1.31955
1.31955
1.58615
1.58615
1.58615
1.58615
1.58615
1.70427
1.70427
1.50759
0.83394
1.48327
1.63766
1.63766
1.63766
1.63766
2.22979
2.22979
1.42017
1.42017
1.41688
1.41688
1.41688
1.41688
0.818716
1.551
1.551
1.551
2.34514
2.34514
2.05329
2.74685
2.86754
2.74678
2.80465
1.90224
1.04321
0.850805
0.638759
0.638759
0.638759
0.638759
1.20559
1.20559
1.20559
1.74253
1.02543
1.02792
1.02792
0.56559
1.1128
1.1128
1.1128
1.1128
0.731251
1.14591
1.14591
1.05497
1.05497
0.575354
0.575354
0.575354
0.575354
0.575354
0.575354
0.575354
0.575354
0.833231
1.36007
1.1537
1.1537
1.37119
1.37119
1.33237
1.33237
1.54399
1.54399
1.54399
1.54399
1.14663
1.14663
1.14663
1.14663
0.520129
0.520129
1.48672
1.48672
1.02456
1.064
1.064
1.064
1.064
1.92625
1.18655
1.26694
1.76862
1.86329
1.52101
1.84755
1.84755
1.84755
1.84755
1.84755
1.74196
1.85537
1.85537
1.85537
1.85537
2.62552
2.62552
2.62552
2.62552
2.50667
2.50667
2.38904
2.38904
2.38904
2.38904
2.02594
2.04422
2.04422
2.09528
2.0711
2.33155
2.33155
2.15704
2.15704
2.15704
2.79046
2.42049
2.32692
2.29515
2.30039
1.33275
1.33275
1.33275
1.33275
1.33275
1.33275
1.45438
1.20326
1.20326
1.18909
0.878035
1.20367
1.09651
1.09651
1.09651
0.363764
0.363764
0.363764
0.635183
0.635183
0.635183
0.814767
0.814767
0.791694
0.791694
0.791694
0.791694
0.791694
0.449565
0.449565
0.449565
0.449565
0.449565
0.734404
0.734404
0.734404
0.734404
0.734404
1.36728
0.189277
0.189277
0.189277
0.189277
0.189277
0.189277
0.189277
0.189277
0.34152
0.34152
0.34152
0.34152
0.990437
0.3605
0.3605
0.3605
1.06258
0.499147
1.05467
1.05467
0.818771
0.818771
1.25684
1.25684
1.25684
1.25684
1.12129
1.19818
1.19818
0.777884
0.777884
0.937862
0.937862
2.00236
2.35927
2.64482
2.64482
3.43334
3.09368
3.09368
3.09368
3.24916
2.64591
2.64591
2.64591
2.64591
2.37272
1.92686
1.94616
1.94616
1.94616
0.66769
0.791537
0.791537
0.791537
2.2223
1.6459
1.6459
1.85179
1.64219
1.35224
1.09179
1.09179
1.45925
1.57635
1.57635
1.57635
1.57635
1.57635
2.30219
2.71521
2.72866
2.10077
1.80513
1.42473
1.39032
1.34067
0.964943
0.875448
0.875448
0.875448
0.875448
0.875448
0.875448
0.875448
1.28493
1.28493
1.578
1.09157
1.09157
1.70037
1.70037
1.70037
1.70037
1.46604
0.884665
0.523538
0.438496
0.438496
1.19787
1.19787
1.19787
1.30643
1.30643
1.22137
1.69801
1.69801
1.42818
1.09429
1.09429
1.88007
1.88007
1.88007
2.20391
1.84074
1.84074
1.84074
1.84074
1.84074
1.98429
1.98429
1.98429
1.43383
1.43383
1.80022
1.80022
1.80022
1.80022
2.36714
1.04426
1.04426
0.610957
0.610957
0.610957
0.773915
0.623171
0.347093
0.347093
1.4063
1.6023
1.40131
1.40131
1.40131
2.60532
2.60532
1.71357
1.15279
1.74088
1.74088
1.61581
1.61581
1.61581
1.61581
1.11065
1.11065
1.11065
1.11065
1.51016
1.51016
1.51016
1.51016
1.51016
1.50572
1.50572
1.50572
1.50572
1.50572
1.50572
1.50572
0.877561
1.22509
1.22509
0.939282
0.939282
0.939282
1.32061
1.32061
1.51672
1.53149
1.82354
1.82354
1.82354
1.82354
1.78758
1.26533
0.615583
1.34938
0.884598
0.884598
0.912652
0.912652
0.912652
0.912652
0.912652
0.912652
0.912652
0.912652
0.912652
0.912652
0.573128
0.675165
0.675165
0.675165
0.953334
1.30676
1.30676
1.30676
1.19005
1.19005
1.19005
1.876
1.876
1.876
1.876
2.01971
2.12651
1.90423
1.90423
1.90423
1.22049
1.22049
1.54531
1.54531
1.54531
1.08289
1.08289
1.08289
1.08289
0.871069
0.840807
0.770614
0.770614
0.770614
0.770614
0.770614
0.770614
1.15961
1.15961
2.3745
1.96396
1.78486
2.07026
2.07026
1.81443
0.768999
0.768999
0.768999
0.774392
0.774392
0.997679
1.21107
1.21107
1.18517
1.18517
1.18517
0.735163
0.70999
0.70999
1.0459
1.0459
1.0459
1.0459
1.41377
1.60732
1.60732
1.60732
0.347493
0.347493
0.386761
0.386761
0.420453
0.420453
0.420453
0.889923
0.925669
0.925669
0.925669
0.854536
0.854536
1.52486
1.95744
1.65527
1.65527
1.99119
1.58643
1.58643
1.58643
1.64649
1.64649
1.86041
2.55131
2.55131
2.55131
2.55131
1.9412
1.9412
1.71145
1.18853
1.20406
0.0640752
0.0640752
0.0640752
0.740513
1.94001
1.95432
1.95432
1.95432
2.12233
2.12233
2.12233
0.971856
0.971856
1.66753
1.66753
0.929417
0.929417
0.929417
1.47607
1.47607
1.52804
1.20136
1.20136
1.20136
1.20136
1.20136
0.980195
0.805798
0.805798
0.902708
0.902708
0.918023
0.733986
0.832592
0.989233
0.989233
0.989233
0.989233
0.361852
0.361852
0.361852
0.361852
0.361852
1.06174
0.873781
0.873781
0.873781
0.873781
0.550991
0.550991
0.550991
0.550991
0.550991
0.550991
0.550991
0.550991
0.550991
0.732618
0.732618
1.07828
1.07828
1.07828
1.07828
1.07828
1.07828
1.07828
0.360008
0.360008
1.41419
1.79193
1.79193
1.52904
1.31661
1.68706
2.20967
1.85288
1.85288
0.714745
0.714745
0.714745
0.714745
0.695707
1.13654
1.13654
1.82192
1.75458
1.75458
1.75458
1.41993
0.657054
0.657054
0.657054
0.657054
0.936801
1.73433
1.31415
1.31415
1.36753
1.36753
1.36753
1.3956
1.38005
0.906483
0.906483
0.993046
1.86499
2.30012
2.30012
2.76597
2.76597
2.76597
2.76597
2.36136
2.50654
2.07263
2.23949
2.26348
2.26348
1.91664
1.91664
2.24316
2.24316
2.24316
2.24316
2.24316
2.35499
1.47411
1.05509
0.837732
1.28433
0.665729
0.665729
1.09376
1.09376
1.09376
1.09376
1.09376
1.09376
1.11688
1.2704
1.2704
0.914667
0.897671
0.835018
0.663394
0.663394
0.663394
0.663394
1.17088
0.98679
1.22466
1.22466
2.13751
1.74775
1.34062
1.15735
2.14968
2.14968
1.61834
1.90415
1.90415
2.09904
1.47758
1.47758
1.07552
1.07552
1.07552
0.95482
0.529286
0.529286
0.594826
0.594826
0.594826
0.594826
0.594826
0.594826
0.594826
1.76516
1.2959
1.2959
1.57303
1.49165
1.49165
1.49165
1.49165
1.44003
1.66351
1.41588
1.41588
1.41588
1.41588
2.03331
2.05917
0.576741
0.576741
0.576741
0.576741
0.576741
0.576741
0.891807
1.52594
2.10837
2.10837
2.10837
2.10837
2.10837
2.2922
2.2922
2.33182
1.46352
0.597986
0.597986
0.597986
1.08966
0.690672
0.690672
0.955613
0.955613
0.955613
1.61376
0.996461
0.996461
0.996461
0.855584
0.855584
1.32245
1.32245
0.938106
1.01807
0.658999
0.634408
0.634408
1.31237
1.31237
1.36381
1.42047
1.10956
1.10956
1.26844
1.05766
0.46235
0.46235
0.833072
0.833072
1.54524
1.44239
1.44239
1.32055
1.18355
2.12213
1.62004
1.62004
1.62004
1.5832
0.998762
0.998762
0.998762
0.998762
1.17592
1.17592
0.379406
1.23761
1.23761
1.01519
1.01519
1.01519
1.18733
1.00297
1.00297
1.00297
0.976504
1.67128
0.97132
0.97132
0.97132
0.97132
0.97132
0.97132
0.880172
0.920669
1.06705
1.06705
1.06705
0.823344
0.823344
0.805568
0.805568
1.92773
2.18122
2.18122
1.73255
1.73255
1.93497
2.62431
2.40031
2.54778
2.51695
2.51695
2.51695
2.51695
2.79728
2.79728
1.70131
0.7522
0.7522
0.968133
0.968133
0.968133
0.968133
0.921449
1.01578
1.01578
1.01578
1.01578
1.01578
0.524713
0.524713
0.524713
0.945834
0.784894
0.784894
0.784894
1.2441
1.2441
0.80907
0.495315
0.495315
0.495315
0.495315
0.495315
0.495315
0.961008
0.961008
0.961008
0.961008
0.752292
0.752292
1.32747
1.32747
1.31191
1.31191
1.67335
1.67335
0.704698
0.452426
0.879217
0.879217
1.48976
1.52122
1.7621
1.99162
1.37089
1.50473
2.26834
2.43521
2.97448
2.38896
2.38896
2.38896
1.31266
1.31266
0.933714
0.933714
0.933714
0.958829
0.958829
0.958829
0.958829
0.848717
0.848717
0.962044
1.10466
1.10466
1.22618
1.22618
1.22618
2.11509
2.11509
1.16463
1.72376
1.45034
0.685364
0.685364
0.685364
0.685364
0.865965
0.865965
1.47947
1.47947
1.47947
2.12336
2.12336
2.60846
2.32425
1.87376
1.87376
2.51971
1.92593
1.60045
1.60045
1.79595
0.813437
0.813437
1.15211
1.15211
1.64219
1.83426
1.15335
1.15335
1.53124
1.53124
0.862882
1.07917
1.18669
1.0405
0.88248
0.703962
0.461409
0.461409
0.461409
0.461409
0.461409
0.461409
0.461409
0.461409
0.461409
0.53646
0.53646
0.53646
0.50682
0.50682
1.53895
1.53895
1.78286
1.78286
1.97405
1.62479
1.62479
1.13332
1.44976
1.44976
1.44976
0.84667
0.84667
0.84667
0.84667
1.20305
1.20305
1.20305
0.834437
1.1193
1.1193
0.992638
1.08971
1.84232
1.84232
2.56195
2.59952
2.85591
2.48092
1.47282
1.47282
1.39367
1.05913
1.05913
1.05913
1.05913
1.05913
1.05913
1.53266
1.47726
2.25747
2.25747
3.141
2.04094
1.54117
1.54117
2.39581
2.39581
1.90278
1.90278
1.90278
1.82723
1.99204
1.19385
1.19385
1.43744
1.43744
1.40857
1.04088
1.04088
1.04088
1.04088
1.04088
1.04088
1.04088
1.21061
1.39814
1.39814
1.50639
1.50639
1.71295
1.33447
0.909153
0.909153
0.892069
0.892069
0.892069
0.892069
1.73151
1.78368
1.78368
1.78368
1.78368
1.78368
0.696778
0.696778
0.696778
0.696778
0.696778
0.696778
0.696778
0.696778
1.05751
1.32082
2.47486
1.41956
2.41428
2.38165
2.56251
2.81285
2.70954
2.68236
2.00747
2.00747
1.27623
1.27623
1.36205
1.36205
1.15202
0.624461
0.624461
0.624461
0.895482
0.906476
1.86019
1.86019
2.1259
2.1259
1.19828
0.928765
0.928765
0.874921
1.17115
0.690897
0.690897
0.690897
0.411989
1.01868
1.01868
1.01868
1.214
0.295292
0.295292
0.295292
0.295292
0.295292
0.295292
0.295292
0.295292
0.295292
0.295292
0.295292
0.295292
0.745522
0.745522
0.745522
0.745522
0.745522
0.606062
0.606062
0.606062
0.606062
1.32382
1.32382
1.659
2.8662
3.01808
3.18972
3.63111
3.10281
2.13537
2.10301
1.32434
1.32434
1.29218
1.29218
0.28863
0.28863
0.28863
0.642163
0.642163
0.642163
0.642163
0.642163
0.507731
0.507731
0.507731
0.507731
0.507731
1.06146
1.06146
1.06146
1.77814
0.623143
0.623143
0.623143
0.623143
0.623143
0.623143
0.648171
0.648171
0.648171
0.739185
1.57079
1.57079
1.57079
1.57079
1.56005
1.56005
1.96891
3.10374
3.66828
3.66828
2.6354
2.90508
2.90508
2.25713
2.69603
2.6275
2.47707
2.47707
2.47707
2.78314
2.78314
2.78314
2.48246
1.53633
1.53633
1.83713
1.83713
1.83713
1.83713
1.68754
3.05179
3.32073
3.4927
2.88968
1.89093
0.888097
0.888097
0.813
0.813
1.13571
0.989877
1.24699
1.24699
1.24699
1.24699
1.5477
0.45798
1.34302
1.34302
1.34302
2.33244
1.87029
1.87029
1.87029
1.93136
1.93136
2.13957
2.13957
2.13957
1.45472
2.16486
2.39326
2.34831
2.34831
2.34831
2.34831
2.34831
1.79109
1.79109
0.729795
0.729795
0.729795
1.4181
1.47886
1.47886
1.47886
2.24181
2.24181
2.70858
2.88148
1.57808
1.49629
2.41996
1.93293
1.4635
1.5844
1.5844
1.5844
1.5844
1.92434
2.13804
2.7286
2.7286
2.28515
1.60925
1.60925
1.69877
0.61189
1.37548
1.37548
1.37548
1.47716
1.47716
1.38931
0.393779
0.393779
0.393779
0.393779
0.393779
0.393779
0.393779
0.393779
0.393779
0.393779
0.393779
0.393779
1.54774
1.54774
2.65133
2.65133
3.19504
2.84317
2.84317
2.84317
2.84317
2.61134
3.43486
3.64654
3.64654
3.2667
3.70595
3.70595
3.70595
4.113
3.42358
3.42358
2.79055
2.79055
2.9255
3.58487
3.1842
3.1842
1.93227
2.32423
1.73923
1.73923
1.99137
2.97772
2.76725
3.11447
3.11447
2.89402
2.71082
3.01298
2.45195
2.46496
2.46496
2.88828
2.88828
3.14074
3.01263
2.4428
2.4428
2.4428
2.02063
2.02063
1.49953
1.8361
1.8361
1.8361
2.12223
2.12223
2.35948
2.36362
2.36362
2.36362
1.194
1.52133
1.52133
1.10935
1.10935
1.10935
1.10935
1.45514
1.45514
1.45514
1.45514
1.64082
1.64082
1.88581
1.88581
2.29313
2.07346
1.30148
0.89196
1.59403
0.51407
0.51407
0.51407
1.17328
1.17328
1.17328
1.17328
2.03406
1.57272
1.96984
1.96984
2.70267
2.48429
2.48429
2.17381
1.83716
1.83716
1.83716
1.83716
1.77403
1.0756
1.0756
0.395911
0.395911
0.395911
0.535672
0.535672
0.508578
0.508578
0.508578
0.508578
0.508578
0.508578
0.508578
0.508578
0.508578
0.508578
0.508578
0.508578
0.508578
0.508578
0.508578
0.508578
0.2243
0.2243
0.2243
0.2243
0.2243
0.2243
0.2243
0.2243
0.2243
0.2243
0.603584
0.575243
0.445864
0.445864
0.445864
0.445864
0.961205
1.21706
1.21706
1.21706
1.37711
1.37711
1.80783
1.80783
1.80783
1.80783
1.80783
1.80783
1.6852
1.6852
1.83254
1.83254
1.41274
1.41274
1.41274
1.12933
0.840088
1.67581
1.67581
1.67581
1.71712
2.70643
3.4968
3.4968
3.27268
3.27268
2.84765
2.55044
2.10067
1.6987
1.17183
0.665291
0.665291
0.665291
1.24693
1.24693
1.24693
1.52437
1.52437
2.47363
1.30661
1.30661
1.26042
2.33572
0.814332
0.814332
1.66743
1.66743
1.83518
2.16995
2.16995
2.16995
1.40131
1.43398
1.30601
1.30601
1.30601
1.14483
1.74479
1.70743
0.674298
0.674298
1.46712
1.63856
1.63856
0.775736
0.775736
0.974404
0.974404
1.09485
0.168112
0.168112
1.61161
1.61161
1.61161
2.16082
2.16082
1.40494
1.30155
1.70416
2.00101
1.22142
1.27813
1.27813
1.05239
1.36788
1.36788
1.49003
1.42189
0.903727
0.903727
0.689819
0.785124
0.513689
0.513689
0.513689
0.513689
0.513689
0.7832
0.7832
0.7832
0.7832
1.18564
1.51339
1.59873
2.8862
2.57491
2.57491
2.36152
1.25437
1.25437
1.25437
1.26045
1.26045
1.3659
1.3659
1.66294
1.66294
1.66294
1.66294
1.66294
0.984579
0.984579
1.04323
1.04323
1.46939
1.46939
1.46939
1.84145
1.84145
1.84145
2.35266
1.65158
1.65158
1.43035
1.43035
1.43035
0.929974
1.11405
1.11405
1.11405
1.09053
0.711873
0.461307
0.461307
0.959033
0.959033
0.756628
1.40423
1.46537
2.20045
2.20045
2.20045
2.20045
2.20045
2.7059
1.77536
1.77536
1.77536
2.19133
2.19133
1.33318
1.87743
1.87743
2.44347
1.86325
1.86325
2.58479
2.3478
2.62261
1.77075
1.29013
1.29013
0.87859
1.05899
1.05899
2.24375
2.35658
3.21506
3.58633
3.58633
3.39824
3.25306
3.34939
2.93412
3.75779
3.75779
3.05347
2.89495
2.89495
3.10348
3.10348
3.10348
3.69233
3.45514
3.38346
3.39532
3.41214
1.93349
2.20033
1.85764
1.85764
1.85764
1.44899
1.06939
0.96929
0.96929
0.96929
1.60679
1.73531
1.73531
1.73531
1.45558
3.05883
3.05883
3.05883
3.05883
3.05883
2.94837
2.94837
2.94837
2.94837
2.94837
2.94837
3.01864
2.93433
2.29707
1.88567
1.88567
1.29823
1.98142
1.98142
1.31974
0.927983
1.20456
1.36066
1.36066
1.55528
1.55528
1.28286
1.04079
1.04079
1.04079
0.964461
0.964461
0.349424
0.349424
0.806924
1.05514
0.593365
0.593365
0.593365
0.565262
1.00062
1.19262
0.561619
0.561619
0.561619
0.561619
0.561619
0.561619
0.561619
0.561619
0.561619
0.561619
0.561619
0.561619
0.561619
0.752484
1.32498
1.00902
1.00902
1.45829
1.45829
1.44252
1.44252
1.50366
1.31328
1.31328
1.31328
1.31328
1.57975
1.57975
1.57975
1.66047
1.66047
1.31171
1.31171
1.31171
1.51755
1.89383
1.89383
1.89383
2.0773
2.0773
1.9153
1.9153
2.0848
1.68551
1.68551
1.68551
1.68551
2.56936
2.27879
1.84106
1.61804
3.41569
1.91154
1.61607
1.61607
1.61607
1.61607
1.57392
1.57392
1.57392
1.85957
1.85957
1.85957
2.35835
1.34013
1.34013
1.34013
1.32595
1.90549
1.90549
0.927117
0.927117
1.83539
1.83306
1.83306
1.83306
1.90516
1.98581
1.98581
1.98581
1.98581
1.13377
1.13377
1.35124
1.35124
1.35124
0.533158
0.533158
0.533158
0.533158
0.533158
0.533158
0.533158
0.533158
0.533158
0.533158
0.533158
0.533158
0.533158
0.707084
0.707084
0.707084
1.14246
1.14246
0.571919
0.571919
0.571919
0.571919
0.571919
0.571919
1.01564
1.21597
1.21597
1.21597
1.32247
2.38253
2.56038
2.30387
1.80887
1.80887
1.70768
1.71444
1.86019
1.86019
2.88874
2.88874
2.91523
2.18947
2.03319
1.80051
2.25052
2.25052
2.042
2.00003
2.00003
2.00003
1.87397
1.71185
1.71185
2.71723
2.52633
2.52633
2.73573
3.09209
3.00289
3.00289
3.00289
3.1262
3.1262
3.1262
2.84079
2.82405
1.85567
1.64932
1.64932
1.64932
2.45258
2.13569
1.938
1.938
1.938
3.02458
2.2681
1.74448
1.74448
1.74448
1.21417
1.21417
1.21417
1.21417
1.21417
1.21417
1.21417
0.731769
0.731769
0.731769
1.74854
2.16003
1.58715
1.08804
1.10837
1.10837
1.0614
1.3948
1.3948
1.85795
1.73737
1.73737
1.22365
1.41406
1.41406
1.41406
1.44489
1.47445
1.47445
0.920686
1.43449
1.43449
1.77805
1.16172
1.16172
1.16172
1.16172
1.16172
1.89703
2.05807
1.34391
1.75787
1.75787
1.53815
1.86259
2.01252
2.31187
2.31187
1.95768
2.41114
2.34349
2.34349
2.15517
2.49248
2.49248
2.69214
2.39761
2.23698
2.22965
1.59619
1.38588
1.38588
1.96795
1.96795
1.03758
0.43601
0.43601
0.979218
0.957167
0.923442
1.21153
1.21153
1.4995
1.4995
1.38714
1.38714
1.50977
1.50977
1.50977
1.50977
1.18629
1.18629
1.18629
1.18629
1.61245
1.61245
1.61245
1.61245
0.61279
0.61279
0.61279
1.36602
1.08092
1.08092
0.884096
2.39715
2.53043
2.53043
2.60107
1.7605
2.73186
2.73186
2.73186
1.08544
1.08544
0.977209
0.989308
0.989308
0.989308
0.989308
0.989308
0.897851
0.968738
0.968738
0.779693
1.10468
0.765731
0.87565
0.87565
0.87565
1.8265
2.3848
1.62205
1.62205
1.00928
1.00928
1.00928
1.00928
2.19662
2.63759
2.74943
1.70457
2.27645
2.27645
1.67425
2.37877
2.73261
1.7414
1.04508
1.15962
1.15962
1.15962
1.15962
1.08988
1.08988
1.08988
0.978215
1.4963
1.28396
1.28396
1.10274
0.964571
0.964571
1.15865
1.15865
1.31333
1.31333
1.31333
1.40336
1.40336
1.40336
1.29393
1.29393
0.722286
0.722286
0.722286
0.958629
0.958629
0.958629
0.958629
1.64175
1.64175
1.64175
1.64175
1.52932
1.88315
1.90532
1.90532
1.89162
2.13499
2.48748
3.12331
3.12331
3.00439
3.00439
3.00439
2.62136
2.25909
2.25909
2.25909
2.21508
2.21508
2.21508
2.21508
2.5648
1.56598
1.56598
0.916642
0.916642
1.66437
1.66437
1.66437
1.7825
2.12963
2.12963
2.12963
2.12963
2.79037
1.83268
1.3777
1.3777
1.3777
1.07168
1.09005
1.35693
1.80688
0.901399
1.14934
1.16544
1.16544
0.562511
0.99156
1.3303
1.23837
0.705788
0.705788
0.735058
0.735058
0.735058
0.514346
0.67988
1.43011
1.04645
1.04645
1.50243
1.50243
1.50243
1.90337
0.753239
0.753239
0.753239
0.753239
0.753239
0.753239
0.753239
0.753239
1.35614
1.35614
1.13553
0.948632
0.948632
0.773666
0.773666
0.773666
0.773666
0.773666
1.59899
2.08974
2.08974
2.08974
0.899866
0.899866
0.899866
1.6794
1.22209
1.22209
1.24974
0.616257
0.616257
0.616257
1.19815
1.19815
0.886541
0.689686
0.689686
0.689686
0.689686
0.689686
0.689686
0.689686
0.689686
1.0982
2.18163
2.18163
2.13883
2.13883
2.47524
3.03658
3.03658
2.34437
2.76754
2.76754
2.76754
2.76523
2.35477
2.35477
2.35477
2.35477
2.56548
1.9669
1.9669
1.08317
1.08317
1.08317
1.48917
1.48917
1.48917
0.94986
0.817335
1.36219
1.36219
1.36219
1.36219
1.36219
1.36219
1.46793
1.55589
1.90589
2.06597
2.06597
2.06597
1.43142
1.37363
1.63591
1.63591
1.63591
1.295
1.09384
1.09384
1.46191
1.46191
1.46191
1.89632
1.89632
1.92741
1.92741
2.10169
2.10169
1.17195
1.17195
0.599613
0.599613
0.674094
0.674094
0.674094
0.674094
0.674094
0.674094
0.674094
0.674094
0.865657
0.892762
0.892762
0.892762
1.14675
1.06494
1.06494
2.12126
2.69989
2.69989
2.69989
2.69989
2.69989
1.96863
1.77255
0.727519
0.727519
0.789434
0.789434
1.81644
1.72419
1.34618
1.65582
1.65582
1.65582
1.08967
0.395246
0.395246
0.395246
0.395246
1.60352
1.38376
1.38376
1.10257
1.10257
1.10257
1.10257
1.10257
1.10257
0.725368
0.725368
1.19572
1.19572
1.55773
1.34705
1.21271
1.21271
1.21271
1.72436
1.72436
1.6382
1.47529
1.55763
1.55763
1.63555
1.63555
1.63555
1.63555
1.63555
1.63555
1.63555
1.63555
1.63555
1.52013
1.52013
1.52013
1.63642
1.65789
1.65789
1.65789
1.65789
0.674559
0.674559
0.434462
0.434462
0.434462
0.434462
0.434462
0.434462
0.434462
1.31428
1.31428
1.31428
1.31428
1.31428
1.31428
1.30014
1.30014
1.30014
1.62448
1.62448
1.62448
0.499608
0.707509
0.707509
1.66031
1.45885
0.63552
1.20846
0.717071
1.18639
1.35191
1.35191
1.8867
1.89838
1.75421
1.75421
1.61871
1.61871
1.61871
2.35233
2.35233
2.52648
1.91627
1.91627
1.91627
1.8715
1.8715
1.8715
1.88508
1.81193
1.09612
0.293614
0.293614
0.293614
0.991402
1.61191
1.61191
1.61191
1.61191
1.61191
1.61191
1.18519
2.54796
1.82594
1.82594
1.76827
1.76827
1.76827
1.91463
1.8095
1.68585
1.7111
1.7111
1.7111
1.50859
1.21041
1.21041
1.21041
0.769511
0.769511
1.01264
1.01264
1.77173
2.32188
1.36996
1.57266
1.57266
1.18382
0.862712
0.862712
0.787134
0.787134
1.42739
2.05972
1.64152
1.64152
1.64152
0.610503
0.762445
0.762445
0.762445
0.762445
0.762445
0.762445
1.01898
1.05236
0.231266
1.30324
0.843823
0.843823
0.843823
0.847923
1.29093
1.29093
1.29093
1.29093
1.29093
1.29093
1.25997
1.25997
0.887011
0.371071
0.40759
0.40759
0.40759
0.40759
0.40759
0.963116
0.963116
0.963116
1.14319
1.14319
1.14319
1.14319
1.14319
1.14319
0.9087
1.42226
1.96126
1.49123
1.89337
1.43627
1.77561
0.56957
1.0973
1.0973
0.964714
0.492066
0.492066
0.555505
0.706777
0.706777
2.17259
2.17259
2.34307
2.34307
2.34307
2.64933
2.64933
2.64933
2.14617
2.55483
2.92769
2.49628
3.13568
3.13568
3.13568
2.86847
2.86847
2.54088
2.54088
1.4336
1.15333
1.93409
1.45819
1.45819
1.34562
1.31408
1.31408
1.25874
1.25874
1.25874
1.25874
0.764274
1.17886
0.808867
0.808867
0.808867
2.15058
2.31955
1.37355
1.10278
0.416111
0.416111
1.33004
1.33004
1.43069
0.936903
1.24618
1.24618
1.24618
1.24618
0.809186
0.809186
0.809186
0.809186
1.45148
1.45148
0.596809
0.596809
0.596809
0.596809
1.08004
1.08004
1.08004
1.08004
0.628713
2.05908
2.05908
1.87019
3.08698
1.55587
1.24262
1.24262
1.14644
0.613697
0.613697
0.613697
0.775357
0.775357
0.775357
0.775357
1.3096
0.650412
0.650412
0.650412
1.20262
1.14853
1.14853
1.14853
1.14853
1.14142
1.14142
2.02067
1.34894
1.34894
1.75604
1.41852
1.27744
1.43098
1.43098
1.43098
1.43098
1.43098
1.43098
1.43098
1.43098
2.47704
2.47704
1.79217
2.49256
1.44287
1.44119
1.43958
1.43958
1.43958
1.43958
1.43958
1.43958
1.43958
1.7251
2.69504
2.69504
2.39994
3.30711
3.30711
3.30711
2.65051
2.08624
2.08624
2.08624
1.36534
1.63532
0.65504
0.65504
0.65504
0.65504
1.05944
1.05944
1.05944
1.05944
1.40753
2.36602
2.75939
2.48372
2.55811
2.55811
2.24982
2.24982
2.24982
2.32304
2.90533
2.90533
2.90533
2.61195
1.60493
2.66476
2.66476
2.59931
1.5283
1.5283
1.5283
2.12296
1.70926
2.53655
2.69156
1.46425
1.49807
1.80797
1.80797
1.80797
1.07709
1.07709
1.13442
0.921756
0.904655
0.904655
1.03896
1.03896
1.03896
1.03896
1.03896
1.03896
1.03896
1.03896
0.654423
0.654423
0.755253
0.826759
0.826759
0.826759
0.826759
1.00147
0.625934
0.625934
0.625934
0.625934
0.625934
0.625934
0.625934
0.625934
0.625934
0.671965
1.60524
2.52469
2.52469
2.52469
2.52469
2.70164
2.14266
1.81821
1.69073
1.35144
1.35144
0.689262
0.68037
0.68037
0.68037
0.68037
0.68037
0.68037
0.938396
0.938396
0.938396
0.975741
0.975741
0.975741
0.975741
0.975741
0.769496
1.25845
1.85769
2.68013
2.09031
2.11535
2.11535
2.11535
2.11535
2.36521
2.36521
2.85767
2.74991
2.74991
3.53337
3.53337
3.48533
3.79701
3.79701
2.68626
2.68626
2.68626
1.38986
1.64938
1.33328
1.33328
0.240716
0.240716
0.240716
0.240716
0.240716
0.240716
0.240716
0.240716
0.240716
0.240716
1.04608
0.538655
0.538655
0.538655
0.538655
0.968728
1.02108
1.02108
1.76079
1.76079
1.22657
1.51894
1.65452
1.65452
1.23695
1.73226
2.07803
1.00965
1.47405
1.1942
1.48218
1.48218
1.80322
1.14836
1.14836
1.14836
1.01489
1.28838
1.51194
1.55689
1.44105
1.13744
1.1118
0.583524
0.583524
0.540934
0.540934
0.540934
0.540934
0.540934
0.540934
0.540934
0.540934
0.540934
1.11031
1.47685
1.47685
1.47685
1.47685
1.47685
1.38631
1.30946
0.789068
0.789068
0.789068
0.212758
0.212758
0.212758
0.212758
0.212758
0.212758
0.212758
0.212758
0.212758
1.12523
1.12523
0.954116
0.612233
0.612233
0.669728
0.326418
0.326418
0.326418
0.326418
0.326418
0.326418
0.326418
0.326418
0.326418
0.326418
0.326418
0.326418
1.14227
1.66943
1.66943
1.66943
2.24274
2.24274
2.46459
1.4549
1.4549
0.740796
0.302334
0.302334
0.889799
0.889799
0.889799
0.79124
0.79124
1.05795
1.05795
1.18726
1.18726
1.18726
1.18726
1.18726
1.66718
1.66718
2.34249
2.34249
2.45714
2.45714
2.45714
2.45714
2.45714
2.14715
2.51783
2.51783
2.60127
2.7679
2.57569
2.61544
2.61544
2.36812
2.36812
2.36812
2.7704
2.44772
2.44772
2.22696
1.97342
1.98551
2.10537
2.09625
2.09625
2.09625
2.09625
1.76194
1.56554
0.408238
0.408238
0.408238
0.408238
0.408238
1.41757
1.41757
1.74603
0.514533
1.36346
1.12237
1.12237
1.1485
1.1485
1.78259
2.62991
2.62991
3.24664
2.61466
2.61466
1.7104
1.91817
1.91817
1.91817
1.2936
1.54715
1.46825
2.08179
2.08179
1.45107
1.45107
1.45107
1.45107
1.45107
1.45107
1.70955
0.787608
0.802935
0.856544
0.411067
0.411067
0.411067
0.411067
0.411067
0.411067
0.411067
0.411067
0.411067
0.411067
0.411067
0.411067
0.411067
1.24797
0.717585
0.717585
0.857425
0.857425
0.671017
0.671017
0.671017
0.671017
0.671017
0.671017
0.671017
0.671017
0.671017
0.671017
0.671017
0.671017
1.04078
1.04078
1.04078
0.582602
0.582602
0.821552
0.821552
1.59787
1.59787
1.59787
1.59787
1.59787
0.963802
0.963802
0.661257
0.722337
0.722337
0.722337
0.722337
1.29198
1.29198
1.73948
1.73948
1.73948
2.37842
1.47118
2.56762
2.72044
2.72044
2.72044
2.74258
2.74258
2.74258
2.25525
2.25525
3.80425
3.30328
3.30328
3.48328
2.58973
1.32524
0.549289
0.549289
0.744437
0.744437
0.744437
0.744437
1.07016
1.79741
1.71878
1.71878
0.73481
0.731066
0.731066
0.731066
0.731066
0.731066
0.658044
0.806124
0.631896
0.631896
0.631896
0.631896
0.720214
0.720214
0.720214
0.688554
0.779584
0.779584
0.779584
0.65836
0.65836
0.65836
0.65836
0.65836
0.65836
0.590701
1.02236
1.28987
1.71345
1.71345
1.17206
1.17206
1.17206
0.994915
0.888327
0.888327
1.14002
1.36339
0.82889
0.82889
0.82889
1.44796
1.6083
1.55384
1.36374
1.36374
1.36374
1.36374
0.748491
0.748491
0.748491
0.711373
0.711373
0.711373
0.661222
0.661222
0.661222
0.661222
0.661222
1.36697
1.77573
1.77573
1.77573
1.34532
1.03611
0.955213
1.30784
0.419028
1.23389
0.366396
0.366396
0.366396
0.366396
0.366396
0.366396
0.366396
0.366396
0.366396
0.366396
0.366396
1.80869
1.80869
1.80869
2.16178
2.16178
2.16178
1.00743
0.569733
0.569733
0.569733
0.569733
0.569733
0.569733
0.569733
0.569733
0.569733
0.362841
0.362841
0.362841
0.362841
0.362841
0.362841
0.362841
0.362841
0.362841
0.362841
0.362841
0.362841
1.23763
1.0834
1.03818
1.03818
1.03818
1.03818
1.03818
1.03818
0.211836
0.548254
0.548254
1.17488
1.17488
0.95971
0.989988
0.989988
0.989988
0.989988
1.76989
1.79992
1.21553
1.27421
0.966881
1.32581
1.32581
1.63643
1.63643
1.12307
1.12307
1.12307
1.18388
1.18388
2.14404
1.19062
1.19062
1.19062
1.0299
1.23304
1.23304
1.25083
1.54111
1.54111
0.907125
0.907125
0.907125
0.907125
0.752446
1.76532
1.66546
1.20034
0.573382
0.573382
0.573382
0.573382
0.573382
0.573382
0.552616
0.552616
0.792215
0.792215
0.792215
0.792215
0.71036
0.71036
0.71036
0.71036
0.71036
0.71036
0.71036
1.63828
1.63828
1.63828
1.36932
0.894301
0.894301
0.523234
0.523234
0.523234
0.523234
0.523234
0.88841
0.88841
0.88841
0.88841
0.88841
0.88841
0.776909
0.776909
1.64626
1.78042
1.2576
1.2576
1.57444
1.3866
0.843132
0.843132
0.515089
1.06882
1.3388
1.3388
1.3388
1.3388
1.33191
1.61504
1.61504
1.80809
1.80809
1.54194
1.44907
1.92582
1.92582
0.819093
0.819093
0.819093
0.429943
0.932052
0.867474
0.867474
1.02324
1.02324
1.02324
0.980373
0.980373
0.582845
0.582845
0.582845
0.582845
0.582845
0.582845
0.596813
0.596813
0.736573
0.736573
2.25386
2.25386
1.79455
1.79455
1.03577
1.03577
1.16521
0.993294
0.994255
0.994255
0.994255
0.994255
0.994255
2.0137
2.0137
1.11578
0.915269
0.915269
0.915269
0.915269
1.39036
1.39036
1.39036
1.39036
1.39036
1.39036
0.861978
0.861978
1.16298
1.16298
2.12368
2.12368
1.71338
1.71338
1.71338
1.71338
0.873014
0.903334
0.579382
0.579382
0.728643
0.728643
0.728643
0.938747
1.34691
1.28074
0.988285
0.988285
0.790728
0.790728
0.790728
0.790728
0.969813
1.17953
1.53852
1.53852
0.814534
0.47339
0.47339
0.47339
0.47339
0.47339
0.47339
0.662822
0.662822
0.662822
0.662822
0.662822
1.3795
1.75654
1.75654
1.75654
1.75654
2.6744
2.24896
1.94102
1.33113
1.33113
2.29303
1.3884
1.56623
1.90176
1.90176
1.49775
1.49775
1.96249
1.96249
2.68648
2.68648
3.19051
3.56558
2.99793
3.07607
3.07607
2.61879
2.61879
2.05875
2.05875
2.58758
2.58758
2.35899
1.86861
1.06696
1.06696
1.06696
1.05776
1.87402
2.27647
2.44335
1.55176
1.61492
0.876963
0.876963
1.2579
1.2579
1.2579
1.2579
0.629907
0.629907
1.47727
1.47727
1.80016
1.80016
1.80016
1.80016
1.29226
1.29226
1.29226
1.29226
1.66058
1.78916
1.78916
2.14659
2.14659
2.14659
2.14659
2.03094
1.86498
1.86498
1.86498
1.66473
1.66473
1.45424
1.34264
1.34264
1.44845
1.44845
1.44845
0.62393
0.718542
0.718542
0.736276
0.736276
0.736276
0.736276
1.28637
1.95072
1.35484
1.55089
1.55089
1.55089
2.25501
1.77922
1.23086
1.23086
1.11382
1.34597
1.34597
1.45652
1.42854
1.42854
1.11909
0.30951
0.30951
0.30951
0.30951
0.954776
0.732947
0.84234
1.61391
1.09443
1.09443
1.09443
1.21887
1.21887
1.21887
1.21887
1.84429
1.84429
1.66306
1.66306
1.66306
1.96967
1.96967
2.21125
2.21125
2.21125
2.21125
1.99243
1.99243
1.81249
1.81249
0.952458
0.962162
0.803203
0.803203
0.121443
0.121443
0.121443
0.121443
0.121443
0.121443
0.121443
0.121443
0.121443
0.121443
0.68463
0.68463
0.68463
0.68463
0.68463
0.833403
0.833403
0.833403
1.01326
1.01326
0.723308
1.09522
1.09522
1.52843
1.52843
1.7834
2.51556
3.05268
2.23664
2.23664
2.23664
2.23664
2.42232
2.93849
1.65122
1.81674
1.81674
1.99478
1.99478
1.99478
2.30631
1.07755
1.73069
1.89915
0.676273
0.676273
0.892846
0.892846
1.24215
1.83963
1.76885
1.6018
1.6018
1.6018
1.6018
0.264999
0.264999
0.264999
0.264999
0.264999
0.264999
0.264999
0.264999
1.30792
1.30792
1.15697
1.15697
1.20977
0.898972
1.92518
1.31944
1.31944
1.31944
1.31944
1.31944
1.31944
1.31944
1.12291
1.62203
1.62203
1.83861
1.32205
1.11282
0.672005
1.61896
1.61896
2.03138
2.03138
1.89667
1.89667
1.89667
0.249985
1.04386
2.2016
2.2016
1.90758
1.90758
1.90758
1.49848
1.49474
1.54457
1.32927
1.92687
1.92687
1.92687
2.45893
2.45893
2.73123
2.73123
2.17562
2.17562
2.32563
2.12552
2.12552
2.21232
2.21126
1.31252
1.31252
0.759434
0.593192
0.99227
0.266354
0.266354
0.266354
0.66194
0.66194
0.66194
0.66194
0.66194
1.57352
1.40298
0.977907
0.977907
0.977907
0.789001
0.927658
1.4455
1.4455
1.92499
0.573187
0.573187
0.573187
0.573187
0.573187
0.734858
0.734858
1.2817
1.2817
0.59718
1.30963
0.669362
0.89241
0.513452
0.513452
0.513452
0.762157
0.762157
1.23712
0.961893
0.948105
0.74605
0.65581
0.65581
0.65581
0.65581
1.01212
0.458192
0.458192
0.458192
0.729182
1.23583
1.20586
1.20586
1.20586
1.1682
1.1682
1.0822
1.0822
1.0822
1.0822
1.0822
0.592783
0.592783
1.08723
1.20835
1.51316
1.51316
0.41801
0.41801
0.41801
0.41801
0.41801
0.41801
0.41801
0.874209
0.874209
1.82521
2.83911
2.83911
2.27643
2.61897
3.00702
3.00702
3.00702
3.00702
2.57518
2.57518
2.57518
2.57518
3.74158
4.46208
4.46208
4.04096
4.27926
4.27926
4.27926
4.27926
3.53384
2.66645
2.15951
1.57863
1.50469
0.834863
0.834863
0.834863
0.834863
0.987348
0.987348
0.987348
0.987348
0.987348
1.75145
1.9139
1.9139
2.37829
2.47139
2.47139
1.58055
0.86166
0.86166
0.700177
0.700177
0.402251
0.402251
0.714111
1.10809
1.10809
1.78592
1.78592
0.41521
0.709255
0.414607
0.414607
0.262165
0.262165
0.262165
0.394726
1.23734
1.23734
1.23734
1.23734
1.37319
1.1542
1.1542
1.1542
2.10503
1.63464
2.07808
2.14871
2.14871
2.02761
1.5119
1.36119
1.36119
1.38337
1.20444
0.708899
0.708899
0.708899
0.708899
0.433176
0.197971
0.197971
0.197971
0.197971
0.718067
0.718067
0.718067
1.39273
1.9746
1.58334
1.58334
1.58334
1.27091
1.8512
2.53893
2.53893
2.24776
1.64129
1.64129
1.64129
1.86688
1.86688
1.86688
1.57998
1.57998
2.49363
3.01705
2.83958
2.83958
2.592
2.32837
2.10892
2.10892
2.65521
2.65521
1.49529
1.13143
0.558822
0.574922
0.574922
0.574922
0.574922
0.574922
0.78466
0.592321
0.630309
0.713383
1.03818
1.03818
1.03818
1.33208
1.33208
1.33208
1.83534
1.83534
1.93719
1.93719
1.93719
1.93719
1.93719
1.22131
1.22131
1.22131
1.22131
1.3383
1.3383
1.3383
1.74613
0.777348
0.777348
1.35978
0.648844
0.648844
1.09762
1.09762
1.69338
1.69338
1.69338
2.16946
2.24813
1.18723
1.18723
2.27869
2.27869
2.27869
2.27869
2.27869
2.27869
2.09532
2.09537
1.80344
1.80344
1.80344
1.99784
1.99784
1.99784
1.99784
1.02297
1.02297
0.858746
0.891247
0.891247
1.31128
0.867784
2.34864
2.77201
3.22136
3.22136
3.22136
2.62538
2.70393
2.53012
2.53012
2.53012
1.20874
1.20874
1.20874
1.20874
1.19522
1.80804
1.80804
1.80804
1.80804
0.841448
1.33405
1.33405
1.33405
1.33405
0.760831
1.33467
1.97869
1.97869
1.97869
2.02605
2.02605
2.01804
3.32788
3.32788
1.99285
0.858711
0.603731
0.973457
0.8778
1.59118
1.59118
1.59118
1.59076
1.59076
1.59076
1.59076
1.84857
1.84857
1.96567
1.96567
2.59029
2.80788
2.80788
2.46081
2.46081
2.68219
2.68219
1.9869
2.85356
2.85356
2.81488
2.81488
4.28323
4.28323
3.40579
3.40579
3.40579
3.40579
3.20511
3.20511
3.20511
2.49753
1.81479
1.27113
1.27113
1.27113
1.27113
1.27113
1.55844
1.55844
1.55844
2.05206
2.773
2.32848
1.83782
2.35834
2.35834
1.90499
2.11192
2.11192
1.48117
1.48117
0.369187
0.369187
0.902125
1.25217
1.25217
1.25217
1.91467
1.91467
1.91467
1.529
1.87853
2.81195
2.56176
2.50207
1.95924
1.7882
1.7882
1.87819
1.87819
1.49613
1.55994
1.54148
1.17839
1.17839
1.17839
1.18992
1.18992
1.18992
1.18992
1.59149
1.02987
1.02987
1.40788
1.72081
1.72081
1.48775
2.03309
1.59801
1.55412
1.13869
0.85196
0.836419
0.836419
1.19022
1.02352
1.02352
1.02352
1.38553
0.859167
0.859167
0.859167
0.859167
0.823625
0.823625
0.823625
0.823625
0.823625
0.823625
0.823625
0.823625
1.428
1.428
1.88013
2.57055
2.61922
2.92824
2.14999
2.33971
2.33971
1.87318
2.9815
3.0521
2.78023
2.78023
2.78023
2.16894
1.46725
2.30898
2.30898
2.76989
2.34765
2.23727
2.17611
2.17611
2.17611
1.13572
1.51172
1.58808
0.949968
1.35316
1.21076
0.285454
0.285454
1.56533
1.56533
2.51404
2.93579
2.7866
2.7866
2.51441
1.99989
1.99989
1.99989
1.99989
1.99989
1.72359
1.92268
1.2726
1.24957
0.720198
0.720198
0.623501
1.71518
1.92403
1.92403
1.5205
1.5205
1.5205
1.5205
1.5205
1.5205
1.5205
1.60416
1.70285
1.90472
1.86445
1.86445
2.06887
2.06887
2.06887
2.06887
2.32463
2.07904
2.07904
2.07904
1.50223
1.50223
1.50223
2.24931
2.37424
1.8811
1.98079
1.98079
1.583
1.583
1.57685
1.57685
1.57685
1.73249
1.73249
1.27127
1.21131
1.21131
1.21131
1.21131
0.920078
0.920078
0.920078
1.68511
1.68511
0.323933
0.323933
0.323933
0.98346
0.537335
0.537335
0.537335
0.630836
0.630836
0.628814
0.628814
0.628814
0.628814
0.628814
0.764527
0.764527
0.764527
2.0883
2.14648
1.73695
1.45374
1.70457
1.70457
2.49822
2.49822
2.50666
2.37014
2.37014
1.66286
1.66286
1.66286
1.37196
1.2724
1.08229
1.34133
0.95227
1.5408
1.24539
1.24539
1.74949
1.74949
1.88986
1.88986
0.913143
0.913143
0.913143
0.936277
0.936277
0.936277
0.936277
1.79395
1.79395
2.00983
2.00983
2.00983
1.82014
1.82014
1.01602
1.06771
0.866703
1.34873
1.79852
1.79852
1.08009
1.08009
0.998447
0.800887
0.800887
0.800887
0.800887
0.800887
1.56138
1.20433
1.20433
0.954245
1.24902
1.24902
1.24902
1.24902
1.24902
1.24902
1.24902
0.329627
0.329627
0.329627
0.602835
0.684827
0.684827
0.684827
1.41224
0.548825
0.776764
0.776764
0.776764
0.776764
0.776764
0.776764
0.776764
1.1837
1.63012
2.02078
1.73314
1.95954
1.37057
1.35099
1.35099
1.35099
0.999549
0.999549
0.999549
1.45383
1.74712
0.672352
0.672352
1.73566
2.02311
2.02311
2.02311
0.774887
0.19382
0.19382
0.19382
0.19382
0.19382
0.19382
0.19382
0.19382
0.19382
0.19382
0.19382
0.19382
0.19382
0.19382
0.19382
0.19382
0.19382
0.19382
1.43565
1.43565
1.43565
1.43565
1.43565
1.43565
1.33627
1.33627
1.33627
1.09776
1.41222
1.59877
1.59877
2.26334
2.26334
1.9376
1.9376
1.9376
1.9376
2.39975
2.39975
2.39975
1.84152
1.40095
1.40095
1.07887
1.33903
1.00412
0.896382
0.896382
0.850623
0.850623
0.850623
1.14982
1.14982
1.75688
1.75688
1.15919
1.15919
1.15919
0.526043
1.24587
1.24587
1.24587
1.72001
1.47592
1.47592
1.47592
1.50417
1.64462
1.79374
1.79374
1.79374
1.79374
1.91056
1.91056
1.91056
1.91056
1.71351
0.749412
0.749412
0.749412
0.749412
0.749412
0.736477
0.736477
0.811864
0.811864
0.811864
0.811864
1.03678
1.03678
1.03678
1.03678
1.33343
1.62647
1.62647
1.62647
1.62647
1.62647
1.62647
1.62647
1.62647
1.62647
1.62647
1.52482
1.34699
0.976808
0.994105
0.436209
1.20739
0.830255
0.748855
0.748855
0.748855
1.31771
1.32121
1.32121
1.32121
1.32121
2.06878
1.2714
1.17632
1.17632
1.17632
1.17632
1.35847
0.872357
1.61495
1.61495
2.20365
2.52485
2.52485
1.3982
0.76276
0.333418
0.333418
0.333418
0.333418
0.333418
0.333418
0.333418
0.333418
0.333418
0.333418
0.333418
0.333418
0.333418
0.333418
0.333418
0.619902
1.33657
1.33657
1.33657
0.91976
0.91976
0.91976
0.983874
0.983874
0.332779
0.332779
0.332779
1.6151
1.62054
1.65022
1.65022
2.63528
2.63528
2.73167
2.73167
2.73167
2.73167
2.73176
2.73176
2.73176
2.86176
2.86176
2.92773
2.92773
2.92773
2.66879
3.13562
3.49642
3.49642
3.75139
4.4595
5.03898
3.62651
3.62651
3.62651
3.62651
2.39874
2.39874
2.39874
2.35471
2.35471
2.35462
2.35462
2.31136
3.03599
1.85254
1.85254
1.48009
0.41164
0.41164
0.41164
0.778449
0.778449
1.67877
1.67877
1.08778
1.08778
1.08778
0.366349
0.366349
0.366349
0.366349
0.366349
0.753255
0.753255
1.61805
1.61805
2.25809
2.22988
2.22988
1.63094
1.60143
1.60143
1.60143
1.60143
1.60143
1.22722
1.44497
1.44497
1.44497
1.44497
1.44497
0.881809
0.297206
0.297206
0.966381
0.966381
1.11763
1.11763
1.11763
1.11763
1.47127
1.40388
1.4687
1.4687
1.4687
1.4687
1.73686
1.50863
1.2129
1.2129
1.2129
2.10995
2.10995
2.10995
2.41087
2.41087
0.938044
0.938044
0.938044
0.938044
0.938044
0.938044
0.938044
0.938044
0.938044
1.38047
0.3879
0.3879
1.33607
1.77376
1.31755
1.54469
1.49479
2.32449
2.35395
2.35395
2.35395
2.03374
2.03374
1.6989
1.6989
1.6989
1.6989
2.1896
2.26079
1.55736
1.55736
0.876113
0.876113
0.876113
0.876113
0.876113
0.876113
1.34843
1.38759
0.676218
0.676218
1.01047
1.01047
1.01047
1.01047
1.04077
1.12616
1.29052
1.01935
1.01935
1.2671
1.32444
1.57478
1.24161
1.24161
0.980305
0.912815
0.912815
0.975986
0.975986
0.975986
0.975986
0.975986
1.2274
2.68203
2.35225
2.35225
2.35225
2.35225
2.35225
2.39796
1.83107
1.56627
2.20062
2.03245
2.03245
2.45165
2.47527
1.38804
1.58994
2.31231
2.31231
2.54673
2.57495
2.57495
2.18149
2.18149
2.31035
1.57734
1.57734
1.57734
1.57734
1.57103
1.57103
1.09405
1.02998
1.25213
0.732291
0.732291
1.41981
1.41981
0.776776
0.776776
1.19229
1.19229
1.62353
1.55798
1.55798
1.55798
1.05149
0.894601
1.46249
1.28894
1.28894
1.0957
1.19509
0.921487
1.01456
1.5529
1.5529
1.5529
0.75796
0.75796
1.84435
1.84435
1.84435
1.81996
2.08959
1.6486
1.6486
1.6486
1.6486
1.6486
1.34997
1.58246
1.42255
1.42255
1.0158
1.0237
1.0237
1.0237
0.852766
0.852766
1.61223
1.61223
1.53579
1.52028
1.49217
1.28613
1.9224
2.60194
2.54439
2.54439
2.54439
2.54439
2.54439
2.04683
1.14329
1.14329
1.14329
1.14329
1.14329
0.482534
0.482534
0.633003
0.633003
0.633003
0.292726
1.31175
0.775036
0.775036
0.693588
0.960252
1.27336
0.84361
0.84361
1.6599
2.27713
2.27713
1.49079
1.88069
2.00947
2.31519
2.48274
3.14647
3.14647
3.14647
2.30344
1.24558
1.24558
1.0532
0.586756
1.04877
1.25667
0.896175
0.896175
0.896175
0.896175
0.896175
0.896175
0.896175
1.04421
0.876619
0.707146
0.707146
0.864479
0.864479
0.864479
0.381526
0.381526
0.368417
0.368417
0.858109
0.858109
0.449087
0.590894
0.893329
1.17358
1.17358
1.42356
1.42356
1.42356
1.29284
0.662873
0.662873
0.662873
0.662873
0.662873
0.662873
0.662873
0.662873
0.662873
0.787268
0.787268
0.787268
0.787268
0.787268
1.56682
1.25851
0.429207
1.47832
2.02257
1.37586
1.35518
1.2417
1.2417
1.03883
1.26206
0.643011
0.643011
0.643011
0.643011
0.711182
0.799311
0.532487
1.28282
1.37898
1.18796
1.63288
1.63288
1.2602
1.2602
1.2602
1.13716
1.13716
1.13716
1.02241
1.0572
1.0572
1.0572
1.0572
1.0572
1.0572
1.0572
1.0572
0.913279
0.913279
0.913279
0.913279
0.913279
1.05001
1.05001
0.996889
0.996889
1.11929
1.11929
0.770754
0.938699
1.75517
1.66417
1.66417
1.66417
1.66417
1.66417
1.05326
1.53295
1.53295
1.53295
1.19759
0.74458
1.57621
1.1249
1.1249
1.1249
0.766248
0.779756
0.779756
0.779756
1.32613
1.07636
1.10239
1.10239
1.10239
1.10239
1.12812
1.22069
1.01525
0.585503
0.585503
1.13253
1.13253
1.13253
1.81455
2.02161
1.87188
1.95648
1.95648
2.43073
2.35688
2.59078
2.00172
2.00172
2.00172
2.00172
2.00172
2.2407
1.86388
1.38168
1.27672
2.06986
2.06986
0.905285
0.906992
0.655891
1.07473
1.07473
1.51367
1.20763
1.35418
0.672856
1.21947
1.21947
1.21947
1.87164
1.13888
1.13888
1.17288
2.02144
2.28865
2.28865
1.97189
1.97189
1.49065
1.49065
1.49065
1.47927
1.93683
1.93683
1.93683
1.93683
1.93683
1.93683
2.45705
1.90048
1.90048
1.90048
2.43408
2.43408
2.26711
2.9038
2.7125
2.41416
2.54184
2.56934
2.56934
2.76449
2.59992
2.59992
2.42919
2.42919
2.84734
2.5424
2.95871
2.95871
2.49849
2.26676
2.32435
2.32435
2.32435
2.32435
1.94962
1.94962
1.94962
1.81317
1.64026
1.08349
1.08349
1.08349
1.08349
0.510805
0.510805
1.43474
1.43474
1.43474
1.43474
0.977919
0.977919
0.795584
0.795584
0.964744
0.760827
2.0324
1.8992
1.8992
1.81803
1.81803
1.9599
1.9599
1.84188
1.84188
1.85775
1.85775
1.41884
1.38487
1.38487
1.75554
2.53041
2.53041
2.40819
2.40819
2.40819
1.32852
1.32852
2.10882
2.65416
1.62095
2.24234
2.34233
2.69816
2.30899
1.58516
1.58516
1.58516
1.4138
0.87839
0.87839
0.708055
1.31572
0.916301
0.916301
1.11427
1.11427
0.816731
0.816731
0.816731
0.816731
0.849344
0.835994
0.835994
0.835994
0.835994
0.836776
0.836776
0.836776
0.836776
0.836776
0.836776
0.52174
1.13419
1.20868
1.20868
1.35407
1.35407
1.68313
1.68313
1.68313
1.63966
1.63966
2.2724
2.2724
2.08759
1.90449
1.54356
1.54356
2.00086
1.80354
1.80354
2.10289
2.36551
2.36551
1.6039
1.77236
1.64884
2.21447
2.18354
2.38954
1.90853
2.22439
2.12121
2.12121
2.12121
1.38374
1.13033
1.4967
1.4967
1.37968
1.73315
0.712514
0.712514
0.712514
0.712514
0.712514
0.712514
1.62913
1.05735
1.05735
1.05735
0.415793
0.415793
0.415793
2.07221
2.08998
2.80112
1.99635
1.19979
1.42712
1.42712
1.59744
1.59744
1.59744
1.66983
1.66983
1.66983
1.68665
1.72976
1.72976
2.30358
1.6927
1.6927
1.6927
1.88934
1.16029
0.621477
0.621477
0.621477
1.0222
1.81811
1.9612
1.9612
1.9612
2.14628
2.24441
2.24441
2.36355
2.36355
2.36355
2.64958
2.64958
2.56898
1.96511
1.97688
1.68629
1.68629
1.08621
1.08621
1.44236
1.05763
1.05763
1.44465
1.44465
1.805
1.805
0.863069
0.863069
1.10029
1.10029
1.10029
1.10029
0.883887
0.883887
0.883887
0.883887
0.883887
1.44906
1.26396
1.06798
1.45496
1.45496
1.13093
1.17133
1.17133
1.17133
0.208804
0.948374
1.21531
1.21531
0.951011
0.951011
0.540947
0.540947
0.540947
1.01347
0.910254
1.33965
1.33965
0.98798
0.98798
0.510834
0.510834
0.510834
1.01842
1.55373
1.55373
2.36058
2.36058
1.79969
1.79969
1.79969
1.89445
1.89445
1.35604
0.693817
0.693817
0.693817
0.693817
1.65136
1.93673
1.93673
1.93673
1.93673
1.93673
2.24347
2.24347
1.65688
0.81891
0.81891
0.81891
0.81891
0.81891
1.18144
1.18144
1.60573
1.60573
1.60573
1.60573
2.08558
2.36753
2.36753
1.8647
1.45219
0.394295
0.394295
0.394295
0.394295
1.28895
1.28895
1.28895
1.93961
1.93961
1.93961
1.93961
1.66354
1.79571
0.740785
0.740785
0.62088
0.62088
0.62088
0.62088
0.62088
0.62088
0.62088
0.62088
1.07425
1.07425
0.936926
0.936926
1.31098
0.822104
0.712794
0.712794
0.634874
0.634874
0.634874
0.634874
0.634874
0.634874
0.896318
1.14073
1.24546
1.24546
1.24546
1.24546
0.815765
1.00308
1.00308
1.00308
2.12793
2.39734
2.39734
2.39734
1.83421
2.46959
2.1291
2.1291
1.8933
3.00628
3.00628
3.00628
3.00628
2.72612
2.24614
2.35916
2.35916
1.75421
2.25539
2.43011
2.43011
2.43011
2.01422
2.31557
2.36142
2.36142
2.129
2.129
2.0806
1.81285
1.69274
1.26348
1.16244
1.16244
0.860324
0.860324
0.860324
0.860324
0.860324
0.876054
0.799285
0.464356
0.464356
0.464356
0.464356
0.464356
0.464356
0.842701
0.842701
0.842701
0.625386
0.625386
0.625386
0.625386
0.625386
0.914238
0.914238
0.914238
0.941511
1.12266
1.12266
0.684391
0.684391
0.848538
1.09159
1.09159
1.09928
1.06582
0.743995
0.887153
0.887153
0.887153
1.31226
1.89741
1.89741
2.49218
1.75521
0.786327
0.860396
1.94351
1.19841
1.19841
1.19841
1.19841
1.19841
1.78061
1.8924
1.8924
1.8924
1.8924
1.8924
1.8924
1.60822
1.60822
1.79927
1.79927
1.79927
1.23179
1.3677
1.3677
1.91616
1.91616
1.09841
1.13134
1.13134
1.13134
1.13134
1.13134
1.13134
1.01088
0.812138
0.544646
0.544646
0.544646
0.544646
0.544646
1.45864
1.45864
1.45864
0.430833
0.430833
0.430833
0.430833
0.815922
1.41223
1.54335
1.31533
1.31533
1.31533
1.31533
1.31533
1.31533
1.90116
1.89491
1.68936
1.68936
1.68936
0.989387
1.16152
1.16152
1.16152
1.16152
1.00528
0.802119
0.990575
1.28859
0.994692
0.994692
0.714433
0.714433
0.714433
0.505383
1.32273
1.95408
0.946906
0.946906
0.502947
0.502947
0.502947
0.502947
0.502947
0.502947
0.502947
0.502947
1.05638
0.788849
0.788849
0.788849
0.788849
0.788849
0.788849
1.34419
1.34419
1.68072
2.19164
2.19164
1.80428
1.80428
0.942329
0.942329
0.942329
0.942329
0.454158
0.454158
0.454158
0.454158
0.454158
0.454158
0.454158
0.454158
0.454158
0.454158
0.454158
0.454158
0.937485
2.19989
2.19989
1.7762
1.7762
0.922746
0.852503
0.980408
0.980408
0.980408
1.16235
1.56378
1.58586
0.591915
0.591915
0.591915
1.21045
1.11633
1.90794
1.7862
1.7862
1.7862
1.00745
1.00745
2.20805
2.00206
1.92534
1.92534
1.64721
1.64721
1.64721
1.64721
1.64721
1.64721
1.64721
0.973659
0.973659
0.973659
0.973659
1.46591
1.38992
1.00056
1.00056
1.00056
1.00056
1.27697
1.27697
1.27697
1.27697
1.24199
0.78251
0.740125
0.740125
0.740125
0.740125
0.740125
0.570276
0.570276
1.26232
1.26232
1.26232
1.26232
1.26232
1.26232
1.35907
1.19787
1.19787
1.19787
1.19787
1.15255
1.07521
1.66766
2.23213
1.83449
1.79368
1.79368
1.56984
0.57978
1.00927
0.884594
0.884594
0.434374
0.434374
0.434374
0.434374
0.434374
0.434374
0.434374
0.434374
0.434374
0.434374
0.90145
1.68828
1.2831
1.2831
1.2831
1.2831
1.75527
0.928897
0.706465
0.706465
0.706465
0.694914
0.97808
0.97808
0.97808
0.97808
0.97808
0.618299
0.618299
0.618299
1.58479
1.29805
1.86376
1.76226
1.76226
1.76226
1.85101
1.65157
0.783655
0.783655
0.783655
0.669535
0.669535
0.669535
0.669535
0.669535
0.669535
0.669535
0.698574
0.780397
0.780397
1.4959
1.77868
1.7282
1.7282
1.65303
2.11711
2.11711
2.11711
2.34381
1.85124
1.85124
1.27114
2.54897
2.09031
2.09031
2.75101
2.4168
1.64549
1.64549
1.22374
1.47036
1.47036
1.63976
1.63976
1.63976
1.82075
1.87964
1.87964
1.87964
1.33972
1.6775
1.93227
1.54864
1.54864
1.19146
1.19146
1.19146
1.19146
1.19146
1.19146
1.19146
1.19146
1.19146
0.336143
0.336143
0.336143
1.52237
1.52237
1.52237
1.52237
1.56167
1.56167
1.56167
1.53663
1.53663
1.53663
1.53663
1.53663
1.83
1.70717
2.19045
1.23376
1.35772
1.35504
1.01553
0.991162
1.44381
1.44381
1.44381
1.12702
1.55864
1.55864
1.53523
1.53523
2.11991
2.11991
2.11991
2.30054
2.30054
2.30054
1.89482
1.19623
1.19623
1.19623
1.2463
0.621417
0.527513
0.527513
0.527513
0.527513
0.527513
1.01842
1.01842
1.01842
1.01842
1.01842
0.759124
0.759124
0.985803
1.48893
1.48893
1.48893
1.4683
1.4683
