174.088
172.256
170.687
168.843
171.236
169.195
169.195
167.1
166.441
165.813
164.284
163.839
163.839
163.839
163.839
163.839
163.091
162.411
157.897
157.897
158.535
158.535
157.926
157.926
157.399
154.494
154.523
153.044
151.663
150.609
150.609
150.83
150.768
151.046
149.41
149.402
149.402
149.402
147.485
147.485
147.221
147.221
143.817
143.817
143.817
142.897
144.781
144.781
145.378
145.378
144.866
144.866
144.866
143.628
142.617
140.751
140.631
140.631
140.53
140.325
140.325
138.745
138.822
138.046
138.046
137.925
133.914
133.729
136.593
134.002
133.781
133.581
132.992
132.963
132.322
131.815
132.535
129.325
129.325
130.828
130.828
130.828
130.841
130.841
130.155
130.612
130.044
130.209
127.31
125.73
125.679
125.679
125.889
125.889
125.889
121.859
121.859
121.422
120.436
120.238
119.633
119.633
119.377
119.377
119.377
119.377
119.394
119.394
118.448
118.448
116.537
115.399
115.399
113.547
112.824
112.824
112.824
112.824
112.824
113.214
114.42
114.42
112.825
112.12
112.12
110.035
108.858
107.892
106.072
106.072
106.151
106.151
107.904
105.248
105.496
105.496
104.076
103.28
100.739
98.3381
97.9554
97.9554
97.9554
99.5837
99.3369
97.7112
97.7112
97.7112
97.7112
97.7112
97.7112
97.8436
97.8091
96.8403
96.8403
96.9642
96.9642
97.7258
95.8718
95.8718
93.3967
91.8118
91.795
90.1686
90.1686
90.6682
91.0934
89.1811
89.1811
87.2918
87.3709
87.3709
87.5344
87.6962
87.0384
87.0224
85.7377
82.4884
81.9468
81.9468
81.9468
81.9468
82.1204
79.7966
79.7966
78.4455
77.8233
77.8233
77.8233
79.0035
78.6234
78.6234
78.6234
78.6681
78.6681
76.2237
76.2237
76.2237
76.6621
75.378
75.1249
74.9007
76.6751
73.3507
72.7457
71.7332
69.7573
69.5474
69.5474
69.5157
70.7476
71.5128
71.5128
71.6079
69.5467
69.747
68.4573
68.4573
67.3736
68.2408
68.3944
68.3944
66.6185
66.6185
65.9215
63.0848
63.6418
63.2517
60.2835
60.5276
60.5276
60.8769
60.8769
59.2022
59.2022
58.8442
59.1763
56.5569
58.8146
58.8146
58.8146
59.9531
57.4633
57.4633
54.5926
55.4505
55.4505
58.1241
55.4956
53.6424
52.7246
52.7246
52.7246
52.7246
52.2864
51.6219
51.2599
50.3979
50.3331
50.3331
49.0009
47.7166
47.7166
47.4036
48.5521
46.8518
46.8518
43.3725
41.2157
40.9114
40.9114
40.143
37.2653
37.2653
37.2653
37.9166
35.5845
35.5845
35.5845
32.8305
34.0772
34.0772
32.6696
31.176
30.7256
31.0996
32.7518
32.5235
32.5235
33.075
31.8187
31.8207
31.8207
30.2037
29.2627
26.8447
25.1391
25.1391
25.1391
25.6267
25.6267
25.9437
25.9437
24.5468
25.007
25.007
25.699
25.699
25.699
26.8208
26.8208
26.8208
25.5849
25.5849
25.0422
25.0422
26.3057
25.1957
24.5924
24.5924
24.5924
24.5924
23.8901
22.6735
22.9054
22.0993
22.0993
22.0993
22.0993
22.0993
22.0993
18.6553
18.7191
17.9839
17.9839
15.6781
12.9589
12.9589
12.9589
11.475
11.475
11.475
9.9755
10.1597
10.1597
10.1597
10.1597
8.26566
6.84529
6.54224
5.24545
5.01402
6.22823
7.80833
6.82927
6.82927
6.82927
6.59196
6.59196
5.74903
3.75309
3.75309
3.75309
3.75309
3.75309
3.75309
6.04435
6.04435
5.7568
5.7568
5.7568
3.85051
5.17916
5.17916
4.54139
4.32483
4.32483
4.32483
4.73556
4.73556
4.91002
5.41342
4.61316
4.61316
5.22295
5.38679
5.38679
3.64933
3.64933
3.64933
3.64933
3.64933
3.64933
3.64933
5.52928
5.52928
5.26745
4.70141
4.13871
4.13871
4.13871
4.13871
4.13871
4.13871
5.12395
4.42575
4.42575
4.42575
7.04415
7.04415
7.04415
8.2781
8.592
8.592
9.48109
9.48109
9.05077
9.05077
6.62975
8.29281
8.29281
8.12502
8.12502
8.38513
8.70737
5.25895
5.54096
6.38958
6.38958
7.02325
6.08338
6.40738
4.17975
2.91671
4.36623
4.36623
5.28288
4.77291
4.77291
2.64348
2.64348
2.64348
3.36697
6.18795
5.36588
5.36588
5.80264
5.80264
5.80264
5.80264
7.59542
6.62121
6.62121
6.18057
6.18057
4.96749
7.23831
5.71307
5.71307
5.98164
5.98164
4.4449
7.16245
7.16245
5.44391
5.00047
5.00047
5.00047
5.00047
5.59087
5.02749
4.15572
4.15572
4.15572
5.01192
5.01192
5.01192
5.01192
4.23661
4.74901
3.89483
3.89483
3.89483
4.6863
4.6863
4.73435
3.98214
4.33019
3.70922
3.12109
4.32139
4.32139
4.32139
4.32139
4.32139
4.32139
3.48477
3.48477
4.08497
3.05867
4.51552
2.64316
2.64316
2.64316
2.64316
3.38538
3.38538
2.79307
2.79307
2.79307
4.14641
2.81878
6.44063
6.44063
7.97803
7.97803
6.33612
6.33612
6.33612
3.79051
3.79051
2.37917
2.37917
2.37917
3.17196
3.17196
5.78966
5.78966
5.78966
5.78966
4.78071
4.78071
4.78071
4.78071
4.78071
3.40985
3.40985
3.40985
2.41398
2.41398
2.41398
2.32822
3.65959
3.65959
6.45877
6.45877
6.45877
3.06338
0.884903
2.85031
4.11402
4.11402
4.11402
4.11402
3.95938
5.79419
5.45574
5.45574
5.45574
5.45574
5.45574
5.5922
5.5922
6.60915
6.46482
5.80077
5.80077
6.46815
6.46815
6.46815
3.80852
3.80852
5.26568
5.26568
7.21919
7.21919
4.88688
5.31429
6.19719
6.19719
6.51784
3.7333
3.7333
3.7333
2.44415
2.44415
2.44415
5.63077
2.47794
2.47794
2.12185
2.12185
1.85278
1.85278
2.43562
2.43562
2.43562
2.43562
2.43562
2.04962
2.04962
2.04962
3.62094
5.57149
7.7268
7.7268
10.1782
10.1782
7.33178
5.7863
5.7863
4.46537
4.46537
4.18283
4.18283
4.18283
3.91853
5.56776
7.24868
7.24868
7.49734
5.12742
5.12742
5.75073
6.06974
6.06974
6.98078
6.91689
8.10789
9.48928
9.48928
9.48928
9.04062
6.80606
6.80606
6.80606
6.09056
6.09056
4.38213
4.38213
4.38213
4.38213
4.38213
5.31518
4.53647
4.53647
4.53647
4.53647
4.58465
4.58465
4.58465
4.53081
4.53081
4.53081
3.02629
3.02629
3.02629
3.02629
5.48759
7.00053
5.17344
2.00825
4.43587
6.52535
6.52535
5.02935
5.02935
5.02935
5.02935
5.02935
5.02935
5.02935
2.56968
2.56968
2.10378
3.16051
3.16051
3.16051
4.80953
4.80953
3.77312
3.77312
3.78053
4.05823
4.02151
6.30161
6.30161
4.85382
5.54639
6.35864
4.86245
4.86245
4.86245
3.78834
4.20492
2.26787
2.26787
2.26787
2.26787
3.43647
5.08001
5.08001
5.08001
5.27379
5.27379
5.27379
5.1907
6.98509
7.37881
6.82014
6.76498
6.76498
6.30601
5.69961
5.83597
5.83597
6.30618
6.81932
6.07156
3.97476
3.97476
2.85414
2.85414
2.56801
2.56801
2.56801
2.56801
2.56801
4.41202
4.41202
4.41202
5.21568
5.21568
6.14252
6.14252
6.88159
6.58194
6.58194
6.58194
6.58194
6.49112
6.49112
4.39603
4.39603
4.39603
5.57841
5.57841
5.57841
6.14682
6.14682
6.14682
6.84951
6.26332
6.26332
6.26332
7.41591
7.41591
7.41591
6.12114
5.65748
5.65748
6.27315
6.38184
6.38184
7.26493
6.03104
5.32492
4.55642
4.55642
2.74205
2.74205
2.74205
1.37242
1.37242
1.37242
3.15303
1.38805
2.35066
2.35066
1.7508
2.63514
4.44401
4.44401
3.80438
4.5166
4.5166
4.5166
4.5166
4.5166
4.5166
4.83461
6.29012
6.29012
3.37735
3.37735
3.37735
1.99426
1.99426
1.99426
3.67803
2.22679
2.22679
2.22679
2.22679
3.51373
5.42516
5.42516
5.42516
5.18326
5.18326
4.22299
5.58159
5.58159
6.84846
6.84846
8.61481
8.61481
7.93302
7.79115
7.79115
7.41141
8.21834
6.3368
7.83264
7.83264
9.69508
8.80236
6.00393
3.11578
3.11578
4.77139
4.77139
6.37939
6.37939
6.37939
6.37939
6.37939
6.37939
5.38656
5.38656
6.77618
6.77618
6.77618
6.77618
6.77553
9.04167
9.32787
8.87098
8.87098
7.7027
7.7027
7.7027
7.22242
6.34133
4.28083
5.81143
5.81143
5.882
5.6096
3.98931
3.98931
3.98931
4.1297
4.5923
4.5923
4.5923
4.5923
4.5923
4.5923
4.5923
4.5923
4.5923
4.5923
4.5923
4.5923
4.06886
4.22618
2.11196
2.11196
2.11196
1.79068
4.75185
4.75185
4.75185
4.75185
4.75185
4.75185
5.07738
6.76015
8.55888
8.87861
8.87861
8.87861
8.87861
9.56176
8.47831
8.47831
9.18392
9.37345
10.9992
10.9992
13.4845
16.1456
18.2518
18.2518
20.1082
20.1082
19.6116
19.6116
17.9696
17.9696
17.0244
18.8581
17.7618
16.1737
18.073
18.073
17.7177
16.0203
13.8421
13.8798
13.6145
13.1884
12.9685
13.3536
13.8542
15.5749
15.5749
13.5795
13.4023
13.4023
10.9577
10.9577
8.74506
8.13037
8.13037
6.10685
6.10685
5.05856
3.35275
3.35275
3.35275
3.35275
3.35275
5.2137
5.2137
5.2137
5.2137
5.2137
8.31051
9.83067
9.83067
8.90431
8.90431
8.90431
7.29541
7.40227
8.68576
6.72164
4.93592
6.75685
6.75685
6.75685
6.40571
5.53499
5.53499
5.53499
5.53499
6.85864
8.23007
6.48071
5.23501
4.26279
4.26279
4.26279
4.26279
4.9148
4.9148
2.45075
4.60172
4.60172
7.57207
9.54596
7.52669
6.44268
6.44268
6.44268
6.44268
6.44268
6.44268
6.44268
6.44268
5.44191
5.44191
5.44191
5.44191
5.44191
5.44191
5.44191
6.27759
4.87716
6.83222
5.89981
6.07791
6.07791
4.23956
4.23956
4.23956
4.23956
3.90535
3.90535
3.90535
3.90535
3.90535
3.90535
3.90535
3.90535
3.1215
3.1215
4.44519
2.2607
2.2607
3.91088
3.91088
3.91088
5.16842
5.16842
6.52621
6.57069
6.57069
6.57069
6.57069
6.29897
6.56746
6.91212
6.91212
6.91212
6.10262
4.91803
4.44432
4.0885
4.0885
5.78841
5.25546
4.49261
4.49261
4.49261
4.49261
4.49261
4.49261
5.27184
2.92854
2.92854
2.92854
2.92854
2.92854
2.92854
2.92854
2.92854
1.32512
2.8216
2.8216
2.8216
1.94798
3.44096
3.44096
3.44096
1.55676
1.55676
3.79947
3.79947
3.79947
3.79947
3.79947
3.01318
3.01318
3.68519
3.68519
3.68519
4.13729
4.75264
4.31039
4.31039
5.71792
4.24681
4.24681
5.21439
5.21439
4.74028
4.74028
6.72994
7.44239
8.77914
6.67559
6.37366
6.37366
6.37366
4.77641
3.59339
3.59339
6.50939
6.50939
8.44705
9.40364
7.92642
8.25914
9.77109
10.1256
7.73251
7.73251
6.26249
4.82978
3.72885
5.45012
3.66435
3.66435
3.66435
3.66435
3.70829
4.44017
4.44017
4.44017
4.44017
5.86015
6.79101
6.60374
5.50816
4.22411
4.22411
4.22411
5.41215
5.41215
5.41215
3.62885
5.76227
5.76227
5.76227
4.5641
4.5641
4.5641
3.17721
3.17721
3.17721
3.17721
6.43855
5.60175
5.35743
5.35743
6.02756
6.02756
4.83347
2.71114
2.20096
3.16509
3.16509
1.86075
1.86075
1.86075
1.86075
2.24485
2.18534
4.23357
5.04445
5.33528
5.08809
5.08809
6.75032
6.75032
7.20731
8.47806
7.56233
8.01443
8.19229
8.11314
7.0489
4.56825
4.56825
4.56825
4.56825
6.5663
5.8657
3.49854
3.70934
6.23595
7.17024
7.06592
7.06592
5.34763
5.34763
5.34763
5.93204
5.93204
4.39662
4.39662
4.39662
4.39662
4.39662
3.1629
3.74338
3.74338
6.01587
3.71981
3.71981
4.06672
4.06672
4.50696
4.35759
4.35759
3.52156
1.48727
3.23495
3.23495
3.23495
4.87116
4.26012
4.26012
4.26012
2.86106
3.20675
3.20675
3.20675
3.20675
5.29706
4.31453
4.31453
5.07936
5.07936
5.07936
3.64403
5.56499
7.88796
7.88796
7.88796
7.88796
7.06278
9.35597
6.69699
8.43912
8.43912
8.80926
5.11133
5.11133
5.11133
3.52935
3.52935
3.52935
4.10762
4.10762
4.10762
4.10762
4.57178
4.13749
4.50192
4.50192
4.62686
4.75428
4.75428
5.82008
4.99064
6.26075
6.26075
5.94538
7.16274
7.16274
7.38534
6.07972
6.07972
6.07972
6.07972
6.07972
6.07972
6.07972
6.07972
5.47963
7.8308
9.80782
8.54088
10.1363
11.3622
9.5182
8.82123
8.82123
7.64529
7.64529
7.64529
7.64529
7.64529
7.64529
7.92175
7.92175
7.1913
8.39367
8.80431
9.36486
7.58808
4.96284
4.20225
4.39172
4.39172
4.39172
4.39172
4.39172
5.41761
5.41761
4.36188
6.15085
6.2007
4.7466
8.85403
8.85403
8.85403
10.4495
10.4495
10.4495
12.2296
12.2296
12.761
12.1599
12.2377
12.2377
9.33179
7.87278
7.48504
7.45145
5.504
6.18116
8.01731
6.68102
6.68102
7.97607
7.4881
6.59514
7.23274
6.72005
6.40182
7.38023
8.09659
8.09659
8.09659
10.0452
10.0452
10.0452
10.0452
7.47379
7.47379
7.47379
7.47379
7.90134
7.90134
7.90134
7.77632
6.5534
6.10017
6.10017
8.35359
5.6752
6.25215
4.78451
3.63019
3.63019
3.63019
5.93172
7.94679
8.27192
6.93359
7.03102
7.03102
7.03102
7.03102
7.03102
8.00661
6.9656
6.9656
6.9656
5.92697
7.26089
8.20082
7.43298
7.43298
7.43298
7.43298
7.43298
7.43298
6.23414
7.29375
9.14632
9.14632
7.97849
7.97849
6.65845
6.65845
4.44542
4.44542
4.44542
4.44542
4.78085
4.78085
4.78085
4.78085
4.78085
4.78085
4.78085
4.78085
4.78085
5.62949
4.73693
6.43263
7.78969
7.78969
7.78969
7.78969
7.78969
5.69145
6.17356
6.17356
6.17356
5.86967
6.64459
4.56001
4.35439
6.15982
2.41114
2.41114
2.41114
4.51969
4.4439
4.59096
4.59096
4.59096
3.24255
3.24255
3.24255
5.47275
2.20781
2.20781
2.02615
2.02615
2.02615
2.02615
2.02615
2.02615
2.02615
2.02615
2.02615
1.3063
4.15983
4.28045
4.28045
4.28045
4.28045
4.28045
4.28045
2.66916
2.75734
2.75734
5.24746
4.25617
4.25617
7.06821
7.06821
6.12107
6.12107
6.12107
3.39344
3.74431
3.74431
3.74431
3.78905
3.78905
1.49705
4.26684
4.26684
4.26684
2.07759
2.07759
2.07759
2.07759
2.07759
2.07759
3.17665
5.53373
5.53373
3.59272
2.6722
2.6722
2.6722
4.60957
4.60957
6.14662
6.14662
7.45505
9.44296
10.8627
10.8627
12.3812
12.3812
9.63229
9.63229
8.05349
8.05349
8.05349
7.67892
6.29126
6.665
5.21167
5.92144
8.69529
7.89612
7.89612
6.88122
7.25936
7.25936
7.25936
7.25936
6.96623
7.94058
9.39044
9.39044
9.39044
11.5154
12.6472
9.68225
10.4987
10.4987
10.4987
9.18101
9.18101
11.7433
11.2539
12.9129
11.1524
13.6176
13.6176
12.2492
12.2324
12.633
8.59249
8.10532
8.10532
8.54753
8.54753
8.54753
8.54753
8.54753
8.34734
8.34734
6.7594
6.7594
6.7594
7.33171
7.33171
6.13968
5.62595
5.62595
5.62595
4.68283
3.71599
6.03353
6.62671
6.62671
8.08634
8.08634
8.08634
6.54788
7.57903
7.57903
7.57903
8.17037
6.37224
7.41401
4.81043
1.6943
3.50796
5.32489
3.92859
3.92859
3.92859
5.37426
5.37426
3.86849
4.09156
4.09156
4.09156
4.81179
5.31184
5.50417
5.50417
6.64708
6.64708
5.61096
7.72025
7.72025
6.06645
5.14577
4.82845
4.82845
5.40528
4.96555
3.1267
3.1267
2.98188
2.67905
2.88792
2.88792
2.88792
2.88792
3.51274
3.51274
1.64857
2.91643
4.09577
4.09577
4.09577
3.8176
4.15043
4.15043
4.15043
4.15043
4.15043
4.51158
4.51158
4.46761
5.26957
5.26957
3.38658
3.68885
5.37949
5.37949
5.37949
2.19325
1.19163
2.06791
2.07452
5.80407
3.02181
6.83477
4.39556
4.39556
4.39556
4.39556
4.35134
4.35134
4.35134
4.81739
4.81739
3.94841
6.01512
6.01512
6.11007
6.45882
7.52788
7.52788
7.17584
6.39643
5.03497
3.50987
3.50987
3.28928
3.28928
3.28928
2.4658
2.4658
2.4658
4.82887
1.82237
1.82237
1.82237
1.82237
4.70014
4.27339
3.16776
3.16776
3.16776
3.28336
2.42364
4.37708
4.37708
4.37708
4.18815
4.18815
5.96502
5.94554
3.3842
4.37298
3.81368
6.67448
6.67448
6.67448
8.87762
9.09546
9.09546
8.64643
8.18287
8.18287
7.64289
7.64289
6.80104
9.1499
8.79798
10.0823
10.0823
10.0823
10.0823
9.28065
6.74251
5.60838
3.95703
5.01912
3.55496
3.97352
1.46678
3.66517
7.11505
7.11505
7.11505
7.11505
7.34252
7.34252
5.76338
6.69415
6.69415
6.69415
6.13941
6.13941
6.13941
3.88475
4.88445
6.20593
4.75157
1.53875
1.36528
4.12316
4.09304
3.01168
3.01168
3.01168
3.01168
3.01168
3.08834
3.08834
0.7147
0.7147
2.35763
2.35763
2.35763
2.35763
3.0188
4.94469
4.94469
4.94469
4.94469
3.43148
3.43148
3.43148
3.43148
3.43148
4.38081
3.41202
4.61079
7.24744
7.24744
7.24744
7.24744
7.24744
4.61524
4.83239
6.4828
6.4828
6.4828
2.85656
2.01296
3.0457
3.0457
3.0457
3.0457
2.7026
2.7026
2.7026
2.7026
2.7026
2.7026
2.7026
2.7026
4.69778
5.1176
5.1176
2.41198
2.41198
2.41198
5.7693
4.10304
6.72336
4.7385
6.42241
5.54392
5.54392
5.15927
5.94003
5.797
5.797
6.01936
6.01936
4.46326
1.528
4.27019
4.27019
4.27019
4.95379
4.95379
4.95379
4.95379
4.95379
4.42919
7.58565
7.58565
7.58565
8.57456
5.60294
5.60294
5.60294
5.60294
4.66156
4.66156
4.66156
4.66156
1.00398
1.00398
3.49605
4.12964
4.12964
4.12964
4.12964
2.01514
2.01514
1.77674
1.77674
2.30689
2.30689
2.30689
2.30689
2.30689
4.71994
4.71994
4.71994
6.01846
6.01846
7.66009
7.61167
7.92728
8.1242
9.92893
9.92893
10.2179
9.92443
9.23335
10.1832
11.0342
10.2289
11.8613
11.8613
11.8613
10.5671
10.5671
8.13809
8.26202
7.87317
7.90922
4.63292
4.63292
3.16924
3.16924
3.16924
3.3791
7.42976
8.76231
8.76231
7.92097
5.36925
5.85019
5.85019
5.55376
3.13018
3.47854
3.47854
3.47854
3.47854
6.08435
4.38165
4.38165
3.47111
3.47111
3.47111
3.47111
5.95363
5.95363
4.8879
4.8879
4.8879
3.87819
3.87819
3.87819
3.87819
3.87819
3.87819
5.73674
4.53123
4.53123
3.6436
3.17996
3.17996
3.83762
3.83762
3.60377
3.60377
3.46311
2.33645
2.33645
2.33645
2.33645
2.33645
2.33645
2.33645
1.33673
1.33673
1.33673
1.33673
1.33673
3.73299
3.73299
3.73299
3.73299
3.73299
4.08035
5.52889
4.35906
4.35906
4.35906
1.60036
1.86009
1.86009
1.86009
1.86009
5.25431
5.25431
5.25431
5.25431
6.63525
6.63525
5.32228
8.5572
8.48197
8.79507
8.79507
8.34475
8.34475
6.48797
7.9528
7.9528
7.9528
7.9528
8.48622
7.81065
7.37702
7.37702
7.37702
4.87061
7.36786
5.96566
3.30211
4.10098
4.10098
4.10098
4.10098
1.01052
2.8949
2.8949
4.88183
2.91025
2.42344
2.42344
2.42344
2.42344
2.42344
2.42344
4.04413
2.51922
0.675221
0.675221
1.92688
1.92688
1.99218
1.99218
1.77808
2.6096
2.6096
4.50506
4.50506
4.4107
1.73936
2.47309
2.47309
2.47309
4.51645
3.40647
3.40647
3.40647
3.40647
3.40647
1.54288
1.54288
2.73813
2.73813
2.73813
2.73813
2.73813
3.08473
3.08473
5.08173
5.08173
3.41184
3.41184
3.41184
3.41184
4.18789
5.87017
5.87017
4.29459
4.29459
3.37795
4.54277
6.12196
6.12196
5.41605
5.41605
5.40535
5.40535
8.20044
6.8469
6.8469
5.81517
6.42417
6.42417
5.86834
3.45072
3.45072
3.45072
3.45072
3.45072
3.45072
3.45072
3.45072
5.62684
5.62684
5.62684
5.62684
5.62684
5.62684
3.77822
3.40399
5.22118
5.22118
4.02252
3.58907
3.58907
3.96628
3.96628
5.25922
5.25922
5.25922
5.25922
5.25922
5.54844
4.92037
4.81309
4.81309
2.65151
1.70394
2.38349
2.62806
2.62806
2.62806
2.57223
2.59792
4.08121
4.08121
6.19911
5.92775
5.92775
6.32335
6.32335
5.65699
5.09639
6.81879
7.15477
5.99358
3.79615
3.79615
3.79615
2.51381
2.51381
2.54185
2.54185
4.61627
5.69186
7.02385
6.87385
6.87385
6.36948
6.36948
6.36948
6.91994
6.91994
6.71638
6.81621
4.37678
3.60845
3.42521
5.73179
4.34531
3.87031
3.04899
3.04899
3.04899
3.04899
3.04899
3.04899
3.04899
3.04899
3.04899
3.04899
3.78387
4.98828
4.6989
3.15449
3.15449
1.83044
1.83044
1.83044
1.83044
3.19578
3.19578
3.19578
3.19578
3.05214
3.05214
1.92945
2.27781
2.27781
3.00356
3.00356
0.990931
0.990931
3.3746
3.3746
3.60853
3.60853
3.76408
4.07332
4.07332
4.07332
2.40437
4.03762
4.59617
3.02364
3.47025
3.86712
3.86712
4.31889
4.72802
5.22762
6.12308
6.12308
4.7876
4.7876
4.7876
4.7876
3.36395
3.36395
3.36395
3.36395
3.36395
3.7709
3.17684
3.17684
1.10431
3.91728
4.21257
4.21257
4.21257
4.21257
4.08626
4.73904
4.73904
4.64488
4.68585
5.41419
5.41419
5.26607
5.26607
7.03556
7.03556
3.90619
4.17938
4.17938
4.17938
4.17938
4.48696
4.48696
2.98189
2.98189
2.98189
2.98189
2.98189
2.98189
2.98189
3.36194
4.39532
4.84239
4.84239
4.84239
4.84239
3.18439
6.39232
6.39232
6.39232
5.33796
2.97003
2.97003
2.97003
5.37106
5.03479
4.00011
4.00011
4.00011
4.00011
5.34988
5.34988
5.55726
3.28534
3.21202
3.21202
3.21202
2.0956
2.0956
1.61889
3.32049
2.26041
2.32913
2.32913
2.32913
2.32913
2.32913
2.32913
2.32913
2.32913
2.32913
2.32913
1.55723
1.55723
1.94167
1.94167
1.94167
1.94167
2.40989
4.75986
4.75986
4.75986
4.75986
3.45084
3.24402
3.24402
3.24402
5.63961
5.63961
6.9187
5.74666
3.50808
3.50808
3.50808
3.50808
3.50808
5.96751
7.74536
5.62984
5.62984
4.48987
4.48987
4.48987
5.20562
4.75329
4.75329
4.75329
4.06703
4.06703
4.06703
3.4219
3.04844
3.22937
3.22937
4.32534
4.32534
7.25645
7.25645
7.25645
7.25645
8.46311
8.46311
5.16389
5.16389
5.79319
3.66922
2.91011
2.91011
4.55718
4.55718
4.55718
3.49696
4.30285
4.30285
4.30285
4.30285
3.35831
1.54437
2.0076
2.0076
2.0076
3.83877
3.83877
3.98964
3.98964
3.98964
6.52765
6.52765
6.52765
6.39234
6.39234
8.94403
8.20357
7.28547
4.16736
4.16736
4.16736
4.16736
4.99004
4.99004
4.77306
4.77306
4.77306
4.77306
4.77306
4.27598
4.27598
4.17446
4.17446
4.17446
4.17446
4.17446
4.17446
4.17446
4.17446
3.12987
3.12987
3.12987
3.12987
3.12987
2.32482
3.86879
3.05062
3.05062
3.05062
6.18436
7.90805
7.90805
8.26122
8.26122
8.30762
8.30762
8.21325
8.21325
7.58835
7.58835
6.90215
8.42045
8.42045
9.12327
9.12327
9.12327
9.12327
9.12327
9.12327
9.57143
7.97458
8.57368
8.26467
8.37321
7.96226
7.96226
8.86856
8.93593
8.93593
9.26387
7.45394
7.45394
7.45394
7.45394
7.45394
7.45394
7.36472
5.08394
3.94058
5.49233
6.57916
6.57916
6.2511
6.2511
6.2511
7.45845
8.49674
7.77422
7.6919
7.6919
8.08759
7.56723
7.56723
8.00932
8.00932
8.00932
9.53613
9.53613
9.53613
9.77945
10.6109
10.2516
8.92147
8.92147
10.4812
10.4812
10.4812
9.78865
6.50671
7.13142
5.52755
5.52755
5.52755
5.52755
5.52755
4.49557
4.49557
4.49557
4.33351
4.33351
4.33351
1.92882
2.3394
2.3394
2.3394
2.3394
2.71922
3.63833
3.63833
3.63833
3.63833
3.70913
6.70471
6.70471
7.64329
7.64329
7.29993
7.29993
6.38217
6.35054
6.35054
7.06927
5.16133
4.40149
4.38382
4.38382
4.38382
7.72542
7.52578
6.35569
6.35569
5.05197
5.05197
5.69407
5.69407
4.79885
4.79885
4.79885
3.85873
2.53576
1.15074
1.15074
1.15074
1.15074
1.15074
1.15074
1.15074
3.89996
3.08525
2.71009
5.76646
5.76646
5.76646
5.76646
5.30948
4.1732
5.68464
5.68464
4.73539
3.70744
3.70744
3.70744
3.70744
3.70744
3.70744
4.68356
4.68356
4.68356
4.68356
4.49895
4.85005
4.85005
4.85005
5.44657
4.84695
4.84695
4.84695
4.84695
4.84695
4.84695
4.25876
4.25876
2.94008
2.94008
2.94008
2.94008
2.83955
2.99899
3.2457
3.04843
2.00082
2.00082
2.00082
2.97642
3.79683
3.79683
3.79683
1.86731
1.86731
5.25015
5.25015
4.81355
5.25763
6.42666
6.42666
7.60751
6.30081
6.30081
6.30081
6.59629
6.59629
4.40613
4.40613
4.40613
3.9429
4.6441
4.6441
4.6441
2.99735
2.32989
2.32989
5.73472
5.73472
6.63136
7.25202
7.25202
7.26121
7.26121
7.26121
6.61897
6.61897
6.84474
5.41913
5.17268
5.17268
5.92291
6.74589
6.74589
4.68393
4.68393
4.68393
3.37783
3.37783
1.98039
4.07928
4.07928
1.90816
1.33749
1.33749
3.56965
3.56965
5.62759
5.62759
5.62759
5.62759
5.62759
5.62759
2.85414
3.89469
3.31047
4.22671
2.35283
2.35283
2.35283
2.35283
2.35283
2.35283
3.41458
3.41458
3.41458
5.97385
4.0215
3.62984
3.62984
4.25042
4.25042
4.50577
4.14449
2.29397
1.48388
1.48388
1.48388
4.30026
4.95474
4.73258
4.73258
5.04004
7.35856
5.51769
6.49734
6.49734
6.49734
8.30243
8.30243
9.28907
9.28907
9.16266
7.05791
7.05791
4.51866
2.21135
2.75164
2.75164
2.75164
2.24256
2.22542
4.79672
4.65914
4.65914
4.65914
7.16003
7.16003
9.25509
8.60797
6.51621
6.51621
6.47599
7.43801
7.43801
7.43801
6.74371
5.80923
5.80923
5.16368
5.16368
4.00334
2.88339
2.46358
2.46358
2.46358
2.46358
2.46358
2.46358
2.46358
2.46358
2.46358
2.46358
2.46358
2.46358
2.46358
2.46358
4.58631
4.58631
4.58631
4.58631
4.58631
6.67543
6.67543
8.18011
8.77703
8.83469
9.05575
9.19136
6.39327
4.89925
2.88041
4.79765
4.38622
4.38622
4.38622
4.38622
6.87219
7.49373
8.77735
7.07499
7.07499
5.51866
3.71954
1.44008
4.51964
2.92926
4.35296
4.35296
4.35296
4.35296
5.2716
4.62358
2.20146
4.46203
4.46203
4.46203
3.81065
3.81065
3.81065
1.04796
2.99433
2.99433
2.99433
2.64594
2.64594
2.64594
1.93318
3.89427
3.89427
3.59721
2.34673
2.34673
3.90674
2.05777
3.1425
3.1425
3.1425
2.60692
2.60692
2.60692
3.85747
3.85747
3.16551
4.09608
4.09608
4.09608
2.94666
2.94666
2.94666
2.94666
2.94666
3.14586
4.74557
4.74557
4.74557
4.74557
4.74557
5.66732
6.32331
7.70282
5.36235
5.36235
3.489
3.489
3.489
6.87812
6.87812
5.62609
4.9631
4.9631
4.9631
5.25706
6.77484
6.67316
5.00679
5.00679
5.00679
5.00679
2.90164
2.90164
2.90164
2.90164
4.38456
4.38456
4.82792
4.54238
4.54238
1.47617
2.0102
1.18445
0.694801
1.32552
2.31416
2.31416
4.76148
4.76148
4.76148
4.09075
4.09075
4.09075
4.09075
2.70678
2.70678
5.639
5.639
7.96647
5.53645
5.53645
5.53645
3.91392
4.56196
4.56196
6.09203
6.65309
6.9743
4.59315
4.59315
2.25123
2.25123
3.58391
3.58391
3.58391
3.58391
3.58391
3.92415
1.4909
2.52606
2.52606
2.52606
2.54359
1.76682
1.76682
1.76682
3.69675
5.38666
5.38666
5.79913
6.36386
7.42809
7.42809
8.47635
8.47635
8.47635
8.47635
7.99503
7.46384
7.46384
5.58557
5.58557
5.58557
4.76549
4.76549
6.00862
4.26367
5.51065
5.51065
3.91466
3.91466
3.91466
3.91466
3.91466
3.91466
4.98577
4.98577
6.86345
6.86345
4.52152
2.47498
2.47498
2.47498
2.47498
4.77945
2.25521
2.25521
2.25521
3.95921
4.86174
2.80923
2.80923
2.80923
2.80923
4.88856
6.81554
5.7441
2.70575
2.70575
2.64268
2.64268
2.18388
1.92478
1.92478
1.54014
1.54014
1.54014
1.54014
1.54014
1.54014
1.54014
4.37781
2.54837
2.54837
2.54837
2.54837
3.68638
6.30356
6.30356
4.97269
4.97269
4.97269
2.20141
2.99357
1.39252
2.71317
1.84581
3.04977
3.86114
3.86114
3.86114
3.86114
3.86114
3.86114
4.53854
4.53854
5.48147
4.97685
4.97685
4.97685
6.77248
5.44999
6.8845
6.8845
7.40102
10.3129
8.55966
7.36055
5.9015
5.9015
5.9015
5.9015
5.9015
5.9015
4.89835
4.83193
4.83193
4.83193
4.43853
6.19132
3.09116
3.09116
5.28633
5.28633
5.28633
5.28633
6.28154
6.28154
6.28154
5.27377
6.63782
6.63782
6.63782
6.75874
7.32882
7.32882
6.47887
7.06743
7.06743
5.96399
7.86129
6.47394
6.47394
6.47394
5.1475
5.87182
6.184
8.66346
8.66346
8.66346
7.50652
7.50652
7.50652
7.41552
7.46264
7.46264
6.7152
6.7152
6.7152
8.39312
6.90466
6.31671
6.31671
5.17794
5.70967
3.53224
3.99229
3.99229
3.99229
5.3856
4.98489
4.98489
4.98489
4.99729
7.19994
4.91744
4.59956
3.90294
3.01945
5.16124
5.16124
4.6393
4.6393
4.26778
6.62842
6.62842
6.73958
5.21465
7.78172
7.78172
7.78172
6.85677
8.63308
8.63308
8.44563
8.44563
7.89852
7.89852
7.89852
7.89852
8.36723
6.90755
6.68055
5.95098
5.66304
4.98509
3.11775
3.11775
3.11775
3.11775
3.11775
3.11775
6.44075
7.1401
7.1401
7.1401
7.1401
5.44676
5.44676
5.44676
3.46217
3.46217
3.46217
4.18618
4.18618
4.18618
4.43574
4.43574
4.43574
4.43574
4.43574
4.43574
5.97151
9.55877
9.68667
7.87112
8.64699
8.64699
6.33364
6.33364
6.33364
6.33364
6.33364
6.33364
6.33364
4.42013
1.78604
1.87304
1.87304
1.87304
1.87304
1.87304
1.87304
1.45945
1.45945
1.45945
1.45945
1.45945
1.45945
1.45945
1.45945
1.45945
1.45945
2.803
2.803
2.803
2.803
2.803
0.955015
0.955015
0.955015
0.955015
0.955015
0.955015
0.955015
0.955015
0.955015
0.955015
2.41119
0.576064
2.22777
4.46118
4.46118
4.73927
6.25239
6.25239
4.34771
4.34771
3.49596
1.66796
3.76096
5.40583
4.60896
4.60896
4.60896
4.22438
4.01628
4.01628
4.01628
4.01628
3.85598
3.85598
5.91839
4.15159
4.15159
4.15159
4.15159
3.29632
4.99203
4.05826
6.30723
6.30723
5.28971
5.28971
4.9797
5.85854
5.85854
5.80786
5.04092
5.04092
5.04092
4.02751
3.37616
3.37616
3.37616
3.37616
3.37616
3.37616
3.37616
4.26303
5.12654
5.59091
4.79611
4.79611
5.2149
5.2149
5.2149
5.14907
3.2255
3.2255
5.75141
5.75141
7.10927
3.75017
3.75017
3.75017
4.16317
4.16317
4.16317
5.36008
3.57784
3.57784
3.57784
3.57784
1.47599
1.98702
1.98702
2.79714
2.79714
3.10034
5.42585
2.89115
2.42821
2.42821
2.94773
1.77255
1.77255
1.77255
4.77197
4.77197
4.77197
4.77197
4.07647
4.07647
4.79524
6.03331
6.03331
6.03331
4.42461
7.57253
5.52735
5.52735
6.26178
5.38647
4.99731
4.99731
3.58518
3.58518
3.58518
1.26693
1.26693
3.53644
3.53644
5.14826
6.31019
5.93801
5.93801
5.29868
5.29868
3.57962
4.89333
2.77255
4.43317
4.43317
4.43317
3.0431
3.97227
3.97227
3.97227
3.04842
4.54768
4.54768
3.71075
3.71075
3.71075
3.71075
3.71075
3.71075
3.71075
1.22318
1.22318
3.28322
3.80241
4.86809
3.2276
4.3043
3.92676
3.92676
3.92676
1.21574
4.14833
4.14833
3.38812
2.8886
3.75611
5.18509
5.18509
5.18509
5.11931
5.11931
3.35308
3.35308
2.27126
2.27126
2.27126
2.27126
2.85437
3.56317
4.91635
5.32813
5.32813
5.32813
5.32813
5.32813
5.32813
5.32813
5.65653
6.77447
5.88864
5.88864
5.88864
5.88864
5.88864
5.05782
6.17488
5.76289
6.0189
6.0189
7.87433
7.87433
7.10166
7.10166
8.43992
7.60566
7.91647
7.91647
9.01927
10.3468
10.3468
9.36782
9.36782
8.84753
8.37631
8.37631
7.77223
7.77223
7.77223
8.77374
8.77374
8.77374
8.01772
7.51491
7.51491
8.86201
9.61399
9.61399
7.68295
6.90792
6.90792
6.90792
6.90792
5.56466
5.56466
5.56466
5.00979
5.00979
4.00209
6.25222
5.15896
5.15896
6.49542
6.49542
6.49542
4.86891
3.83697
6.10364
7.93232
4.57868
4.57868
4.57868
4.6106
4.92461
4.8764
4.29555
4.29555
4.29555
4.29555
6.18778
4.75704
6.39562
9.18968
9.18968
6.90063
6.90063
5.75459
4.42063
6.36194
6.61497
5.48635
3.38093
3.38093
3.38093
2.6401
2.43702
2.43702
1.92466
1.92466
1.92466
1.92466
1.92466
2.30711
2.30711
2.64707
3.93719
3.93719
3.93719
5.10285
4.58005
6.27982
6.27982
6.27982
7.5352
7.21391
4.13334
5.6618
5.6618
5.6618
5.6618
5.6618
4.91985
4.85363
5.21826
5.21826
5.21826
6.8066
6.8066
4.78421
4.78421
4.78421
4.78421
4.78421
4.78421
4.78421
4.78421
1.89742
3.6109
4.10466
5.40395
4.05314
4.05314
4.05314
4.05314
4.05314
4.05314
6.23706
5.90404
3.94572
3.94572
3.94572
4.51339
4.51339
4.51339
4.51339
3.98459
3.98459
6.04308
6.04308
7.75166
5.23473
5.23473
5.23473
5.23473
4.97445
4.97445
4.90875
6.8155
6.8155
6.8155
7.57945
7.57945
5.30663
5.30663
5.30663
4.83765
4.83765
4.83765
4.83765
6.06528
4.74705
4.74705
4.74705
4.74705
4.74705
4.74705
7.37265
7.37265
9.3831
9.3831
10.8717
9.66032
9.79607
9.79607
9.27414
9.27414
7.62015
5.26292
4.11319
4.96408
4.96408
4.96408
4.96408
4.96408
4.96408
4.96408
4.96408
2.94547
1.69073
3.02693
3.02693
3.02693
3.02693
3.02693
3.02693
3.02693
3.02693
1.45423
1.45423
3.25753
3.25753
3.25753
3.25753
3.25753
3.25753
3.89844
3.89844
3.61807
2.92022
2.71314
2.71314
2.71314
2.71314
2.71314
2.71314
2.71314
4.16868
4.16868
4.16868
5.36729
5.36729
5.36729
7.29264
7.29264
4.0644
2.54428
2.54428
2.54428
2.54428
2.54428
2.54428
2.54428
2.83417
2.83417
2.83417
1.27792
1.88366
1.88366
1.88366
1.88366
1.88366
5.09776
6.0138
6.54103
8.46961
9.42593
9.42593
9.42593
9.42593
8.66398
8.59757
8.59757
8.59757
8.33143
9.12844
9.12844
8.35504
8.35504
6.995
7.12131
6.36872
4.71582
4.71582
5.26228
1.905
4.98162
3.32993
3.32993
3.32993
3.32993
2.08029
2.08029
2.08029
2.08029
2.08029
2.08029
5.31741
7.29197
8.31836
8.60638
10.9034
12.936
12.936
12.8887
15.3881
15.3881
15.2036
15.2036
12.7625
13.6241
12.0079
9.53601
9.97097
10.9837
10.5881
8.65036
7.71958
7.71958
7.71958
5.92291
5.92291
6.39325
6.39325
6.39325
3.44244
3.44244
3.44244
3.44244
4.23892
2.04963
2.04963
1.27675
1.27675
1.27675
1.27675
1.27675
1.27675
1.27675
3.8748
3.8748
3.74447
3.74447
3.74447
3.74447
2.13838
2.13838
2.13838
2.13838
2.13838
2.13838
2.13838
2.66209
2.66209
2.54502
2.54502
3.83769
3.83769
3.83769
3.83769
3.83769
3.83769
3.83769
3.83769
3.83769
1.56043
1.56043
1.56043
1.56043
1.56043
1.56043
1.56043
1.64914
1.64914
3.34
3.34
3.34
3.11542
3.11542
3.11542
4.68618
7.63771
7.63771
8.62996
9.31775
7.86781
7.86781
8.82619
10.3886
7.60191
7.60191
7.58479
8.26857
7.91392
7.91392
8.74949
7.62914
7.62914
7.62914
8.36558
6.00156
5.59716
3.66696
2.61304
2.61304
2.61304
3.13918
3.5612
3.5612
3.43818
3.43818
5.1492
5.19025
5.19025
5.19025
5.19025
5.19025
5.19025
5.19025
3.17728
3.17728
3.17728
3.17728
4.97706
4.97706
3.63421
3.63421
3.5725
2.76635
0.67018
3.92608
4.29621
3.80465
3.80465
4.44654
4.80625
6.28298
6.40564
6.88109
6.27505
8.91088
8.91088
8.91088
8.91088
8.0267
5.84123
6.81198
6.81198
5.86602
5.86602
5.49034
5.49034
5.49034
5.49034
5.49034
5.91082
4.40829
4.44807
5.65483
7.17924
7.2402
7.2402
7.2402
7.2402
7.2402
6.02604
6.02604
6.38051
6.38051
6.13192
6.13192
6.13192
3.35873
3.35873
3.35873
6.01532
6.01532
7.54941
7.54941
8.13445
8.13445
8.13445
8.5315
8.5315
7.62291
7.62291
7.62291
7.62291
7.62291
7.62291
7.62291
8.33521
10.1532
11.1125
11.9504
12.5826
9.72322
9.72322
7.32243
7.32243
7.32243
7.32243
7.32243
4.33681
4.09218
4.57084
6.31137
6.31137
5.88228
4.64498
4.64498
4.64498
4.64498
5.68369
5.68369
5.02386
3.5603
4.77202
4.95864
4.95864
4.95864
4.95864
4.95864
3.64777
3.64777
3.64777
3.04379
3.04379
3.04379
3.04379
3.04379
1.40851
1.82552
1.82552
1.82552
2.02238
3.15352
3.15352
3.15352
3.15352
3.15352
5.26573
6.60811
6.60811
6.76902
6.31443
6.31443
6.31443
7.28626
5.78818
5.78818
5.66194
5.66194
5.66194
5.66194
6.34183
6.34183
4.07728
5.1576
5.1576
3.77361
3.52973
3.52973
3.52973
3.99597
5.62676
6.19822
6.19822
6.19822
7.51265
7.51265
5.1426
5.1426
5.8267
5.8267
6.10135
7.93804
5.23638
5.23638
5.23638
2.10266
2.10266
2.10266
2.10266
2.10266
2.10266
1.88723
1.88723
1.88723
4.15879
4.98837
4.97136
4.97136
4.44901
4.44901
2.99896
2.90735
2.90735
1.3474
2.59161
3.5105
3.5105
3.5105
3.5105
3.5105
5.01976
4.23018
5.32327
5.32327
6.86089
6.86089
7.54289
7.54289
6.74043
5.21034
2.49904
1.48636
3.79852
3.79852
3.04578
3.04578
5.90827
6.79906
6.85024
5.53572
5.89546
5.89546
5.89546
5.25467
3.54663
3.54663
3.54663
5.76664
5.76664
6.62975
6.62975
6.62975
6.62975
6.62975
8.9281
9.57203
9.57203
7.79761
5.43419
5.43419
4.92144
4.92144
4.92144
4.92144
4.92144
4.92144
4.92144
7.13393
7.13393
8.30222
9.54659
9.54659
7.04025
6.22791
4.44459
4.44459
4.73215
4.73215
3.88391
0.926286
0.926286
0.926286
0.926286
0.926286
0.926286
3.33438
3.33438
4.41449
5.34089
4.64344
4.64344
2.64221
2.64221
1.33176
2.98361
2.98361
2.98361
3.08872
2.98007
2.98007
4.9293
4.9293
4.9293
4.9293
4.9293
4.9293
2.25371
3.20227
2.07396
5.25429
5.25429
4.56583
4.73264
4.73264
4.73264
4.73264
3.16091
2.8954
3.17195
3.17195
3.17195
4.85516
4.85516
4.85516
4.85516
4.85516
2.27531
2.27531
2.27531
3.58172
3.58172
3.58172
4.53556
5.78135
5.78135
5.78135
8.70402
8.70402
8.08999
8.08999
7.08318
7.08318
7.65232
7.65232
7.65232
7.65232
8.75754
11.1123
9.71275
9.71275
9.35162
9.80419
10.5039
10.1048
10.1048
10.1048
10.1048
10.9549
10.9549
11.3412
11.8185
10.7857
7.9092
5.98388
5.98388
5.98388
5.0888
3.08182
3.85919
3.85919
5.88233
5.88233
5.88233
5.88233
5.88233
5.30709
5.30709
4.05338
4.5739
4.5739
4.5739
3.67387
3.67387
3.50311
3.50311
3.50311
3.50311
3.50311
3.50311
3.50311
2.44613
2.44613
2.44613
2.44613
2.44613
1.86478
1.82345
1.82345
1.82345
3.81971
3.81971
3.81971
4.74413
4.74413
2.54365
2.54365
1.91436
1.91436
1.66238
3.29295
3.29295
3.29295
2.7695
2.7695
2.31323
3.03605
2.67397
4.27866
4.21828
4.21828
4.21828
3.68544
3.68544
3.68544
3.68544
3.68544
3.68544
3.98024
3.98024
3.72519
3.72744
5.42304
5.42304
4.76191
4.76191
5.83165
5.98546
5.74557
5.50877
6.36973
6.36973
6.36973
6.92383
6.93903
6.59163
6.59163
6.59163
6.37345
6.37345
6.37345
6.35843
6.35843
6.35843
6.35843
6.35843
5.95427
5.95427
5.95427
7.94244
7.94244
8.20123
8.20123
8.92212
7.81179
6.05408
7.44173
6.86265
6.00445
4.92643
4.92643
4.92643
4.92643
4.73702
4.73702
5.02676
5.02676
5.02676
5.02676
7.34055
7.34055
6.62015
6.62015
4.51001
4.51001
9.11619
7.12201
6.57294
6.57294
6.57294
6.0928
8.26244
8.64233
9.64657
6.64043
8.83426
10.2618
8.68741
8.68741
8.68741
6.98603
7.24872
6.2561
6.2561
5.57537
5.57537
5.57537
5.57537
5.57537
7.05292
7.05292
7.05292
6.85715
6.15147
6.15147
6.15147
6.15147
6.15147
3.79583
3.79583
3.79583
3.79583
3.79583
2.55305
2.55305
2.55305
2.55305
2.55305
2.55305
4.212
4.212
4.212
4.212
4.212
4.41233
4.41233
6.57035
6.57035
5.62593
5.62593
5.62593
3.60556
3.59704
4.12661
1.66307
1.50537
4.72134
5.32842
5.32842
5.77338
4.89308
4.89308
2.42664
3.4531
3.4531
5.54512
7.38806
7.38806
7.38806
8.49669
8.49669
8.49669
8.49669
9.36845
7.67742
7.67742
7.57588
8.82877
7.64355
9.17022
7.74349
7.74349
7.74349
7.44899
7.75628
6.06832
6.06832
6.49531
6.49531
7.04166
6.86956
6.37057
6.37057
4.38365
3.61098
3.61098
4.51016
4.51016
3.12426
5.01454
5.01454
5.01454
4.14001
3.79635
3.79635
3.79635
3.79635
6.41652
6.41652
6.48256
6.48256
6.48256
6.48256
4.44443
4.44443
4.44443
4.44443
3.00693
3.00693
3.00693
3.00693
3.00693
3.00693
5.44238
3.8393
4.90678
3.45307
3.45307
3.45307
3.45307
3.45307
3.45307
3.45307
1.78619
1.78619
2.68551
1.38753
3.55973
6.52817
6.52817
6.15971
6.15971
6.15971
5.41385
5.41385
5.41385
2.84725
2.84725
2.84725
2.5768
2.5768
2.5768
2.5768
2.5768
2.78506
2.78506
3.23736
5.36171
5.36171
5.36171
8.44974
8.44974
8.60525
8.36029
6.1665
6.1665
6.1665
6.1665
7.30526
7.30526
6.06348
6.30281
5.36028
6.34785
7.40676
7.85574
5.70463
2.96708
2.96708
2.96708
2.96708
2.96708
2.96708
2.96708
3.71024
3.71024
3.71024
3.71024
3.71024
3.71024
5.88173
5.88173
8.79131
8.79131
8.79131
8.79131
9.12799
9.12799
8.46103
8.46103
7.1951
7.1951
5.72922
2.90449
2.90449
2.90449
2.90449
2.90449
2.90449
3.19279
3.19279
3.19279
3.32786
2.17194
2.17194
2.17194
1.60481
1.60481
1.60481
1.60481
3.23608
3.13578
3.13578
3.13578
3.13578
3.13578
3.26943
3.26943
3.26943
3.26943
3.26943
5.04586
5.04586
5.04586
5.04586
5.04586
2.5354
2.5354
2.5354
3.07026
2.71065
2.71065
2.71065
2.71065
2.65662
2.65662
2.65662
2.65662
2.65662
3.07413
2.38579
2.38579
2.38579
3.47931
3.47931
5.20596
5.20596
5.20596
5.20596
7.01162
7.44885
7.14542
5.46013
5.46013
5.46013
8.4786
8.4786
8.1248
8.1248
4.94433
7.25683
7.26764
6.72513
9.68362
9.3211
9.3211
8.01959
10.1423
9.3175
6.41813
6.41813
5.99315
4.02305
4.02305
4.02305
3.7048
3.7048
3.7048
3.58457
3.58457
3.58457
3.58457
1.53589
1.53589
3.54143
4.60747
4.60747
4.60747
4.60747
4.60747
4.60747
5.32327
5.38564
5.38564
3.66799
3.58215
3.58215
3.58215
6.17225
6.17225
4.10493
4.10493
2.28641
2.16582
1.81894
4.52068
4.52068
4.52068
5.55107
3.59982
3.59982
3.59982
3.59982
4.50635
4.50635
4.50635
4.50635
6.88899
5.53969
5.53969
5.53969
4.64416
6.4121
5.78335
5.78335
2.51598
2.33774
3.04643
2.93119
2.01397
2.01397
2.01397
2.01397
2.01397
4.51776
4.51776
4.57743
4.57743
4.57743
4.57743
4.57743
4.57743
4.57743
4.57743
2.11014
2.11014
4.65412
5.11307
5.11307
3.62481
4.18787
1.54677
1.54677
1.54677
1.54677
2.43343
2.43343
2.43343
2.43343
4.31997
3.46299
2.68864
4.53254
3.53063
3.53063
3.53063
3.53063
3.53063
3.53063
3.53063
3.53063
3.53063
3.53063
5.20077
5.96356
5.96356
4.38875
4.38875
4.38875
2.50767
3.25694
3.97409
3.97409
4.1711
4.1711
4.1711
4.1711
3.30554
3.30554
4.72533
4.05515
4.05515
4.05515
4.05515
4.05515
1.97234
5.46106
1.89741
2.98181
4.85456
4.20103
3.10582
2.7927
3.55701
4.00406
1.99515
1.99515
1.99515
2.31285
2.01848
2.01848
3.07439
3.07439
3.07439
3.07439
3.07439
3.07439
4.25543
5.36686
4.02917
4.02917
5.22393
5.22393
4.00684
4.97037
3.76375
3.76375
3.76375
3.76375
5.00242
5.00242
6.30693
6.30693
6.30693
5.48327
3.43345
3.43345
1.96125
1.96125
1.96125
2.15861
2.43997
2.43997
3.71508
3.71508
4.70233
4.70233
4.70233
4.70233
3.09758
3.09758
5.18971
5.18971
3.56452
4.57706
4.77664
4.77664
5.49149
5.49149
5.49149
5.49149
5.49149
6.53618
7.1313
7.1313
7.1313
10.0255
10.0255
10.0255
7.89905
7.26465
7.26465
9.22575
9.41246
9.41246
9.22515
10.5623
10.4626
9.81191
9.98666
9.458
7.99057
9.23527
10.2731
9.95817
9.95817
9.95817
9.95817
9.84949
9.84949
8.30503
8.30503
6.16416
7.4502
7.4502
7.33744
5.75414
5.75414
2.05021
1.33409
4.33199
3.98942
3.98942
3.98942
3.98942
4.30844
4.30844
4.30844
3.84826
3.84826
2.16838
4.02375
4.02375
4.02375
5.5895
6.47929
6.47929
9.478
9.478
9.478
7.16754
7.16754
7.86553
4.60112
4.60112
6.73972
6.73972
6.73972
7.26329
7.26329
7.22701
5.68015
5.68015
5.68015
5.68015
5.68015
5.68015
6.64011
6.64011
6.64011
5.05602
5.05602
5.05602
5.05602
5.05602
5.05602
5.05602
5.05602
5.05602
4.17252
4.17252
4.17252
2.87989
5.29625
5.29625
6.37025
6.37025
5.581
5.581
5.581
8.00615
7.2544
5.03077
2.96607
2.96607
2.96607
3.33201
3.33201
3.65494
3.65494
3.65494
3.65494
4.91277
4.91277
1.21696
3.28002
3.28002
3.28002
3.28002
3.28002
3.28002
3.28002
3.28002
3.28002
3.28002
1.12008
1.12008
3.82809
3.82809
5.25309
5.25309
3.60577
3.60577
3.60577
4.05555
4.15294
6.95273
7.48029
6.75052
6.92624
6.92624
6.92624
7.34958
7.34958
5.71254
3.26073
1.26194
2.75403
2.75403
2.75403
4.11225
4.11225
3.67672
3.58705
3.58705
3.58705
3.58705
3.58705
3.58705
3.58705
2.46398
4.17925
5.68856
5.54904
5.54904
7.94609
6.54999
6.54999
6.14361
3.82966
3.82966
3.82966
3.82966
3.73594
3.73594
1.67631
2.75671
3.98489
3.30559
3.30559
3.30559
3.90939
3.90939
3.90939
4.70822
4.24358
4.24358
4.24358
5.06261
5.06261
5.06261
5.06261
5.06261
5.06261
5.41617
5.41617
5.41617
5.41617
5.41617
6.47752
4.45191
2.90183
2.95409
3.92422
6.86297
3.25537
1.85029
1.85029
2.00194
2.00194
2.73602
3.02454
2.90522
2.90522
5.27749
7.15161
7.15161
7.15161
6.38106
6.38106
6.38106
6.10414
5.06261
5.06261
5.06261
5.06261
4.87362
4.87362
4.72116
4.72116
2.63575
2.63575
2.63575
2.63575
4.20783
3.88297
3.88297
3.88297
3.88297
3.88297
3.88297
3.22419
3.22419
3.22419
2.51163
3.16398
5.65871
5.65871
5.65871
4.94708
4.94708
4.94708
4.35294
4.35294
4.35294
1.8319
2.25498
2.25498
1.41781
2.80633
3.23189
3.23189
3.23189
3.23189
3.23189
3.72942
3.72942
3.39151
3.39151
3.39151
3.39151
3.74559
3.74559
2.31251
3.39438
2.99765
2.99765
4.68418
4.68418
4.68418
4.68418
4.68418
3.31861
3.31861
5.78804
4.22337
7.23023
7.23023
7.23023
7.23023
7.93608
7.93608
7.93608
7.34235
6.30472
5.97841
5.97841
4.57869
4.57869
4.57869
4.57869
4.57869
6.25163
5.78761
5.78761
5.78761
6.76732
7.58003
7.58003
7.58003
7.58003
5.52601
5.52601
5.42227
5.42227
5.42227
1.88118
2.18013
2.18013
4.64705
4.64705
3.28523
0.966158
0.966158
3.90405
5.96024
5.96024
3.42414
3.42414
3.78006
4.56158
5.27512
4.48838
4.48838
4.48838
4.48838
4.48838
6.26815
8.44273
10.0071
7.74549
7.74549
8.05107
8.05107
6.74205
6.74205
6.80643
8.43809
6.87348
6.88248
7.02962
7.02962
5.61509
5.61509
5.71339
5.71339
5.71339
5.71339
3.804
3.804
3.804
3.804
3.804
3.2438
3.2438
5.54636
5.46434
3.53479
3.53479
3.53479
5.06952
4.35463
3.74905
3.5119
3.5119
3.5119
3.854
4.09589
4.09589
4.09589
4.24726
3.71465
5.24012
5.37828
5.37828
5.37828
5.37828
8.82478
8.82478
8.55141
8.55141
6.71153
5.01542
5.01542
5.01542
5.01542
5.01542
5.01542
4.52102
4.52102
4.52102
1.80222
1.80222
1.80222
1.80222
1.80222
1.80222
1.80222
1.80222
1.00821
4.4778
4.4778
2.03936
4.29984
4.29984
4.29984
4.29984
4.29984
3.91918
2.88275
0.806298
3.73135
3.73135
3.52454
3.55493
3.17299
3.17299
3.17299
3.17299
4.6731
4.6731
4.6731
4.6731
4.26689
2.94801
2.94801
2.94801
3.89542
3.80565
3.88168
2.11718
3.27596
6.09734
6.09734
6.27886
4.35143
4.35143
4.35143
4.35143
4.35143
4.35143
5.54256
6.91102
7.28923
5.94038
5.94038
3.76658
4.37608
4.37608
4.37608
2.95733
2.95733
5.62624
5.62624
5.62624
2.42578
5.39545
5.39545
5.39545
5.39545
5.39545
5.77863
7.53227
7.53227
7.53227
7.53227
8.44304
8.44304
5.88309
5.88309
3.74207
3.74207
3.74207
1.67509
1.67509
1.67509
1.67509
2.33177
2.33177
2.33177
1.97818
1.97818
1.97818
1.97818
1.97818
2.7411
2.7411
5.14786
5.14786
5.14786
4.88311
4.88311
4.88311
3.79682
3.79682
3.79682
3.79682
3.79682
1.94354
1.94354
1.94354
1.6617
1.6617
1.6617
4.09421
4.09421
4.09421
4.09421
4.09421
4.09421
5.96653
7.39209
7.39209
7.39209
7.39209
5.71873
5.71873
5.96573
5.96573
5.96573
5.7653
4.98513
3.69385
5.71263
5.71263
6.3132
6.3132
4.05142
6.05298
6.05298
5.41248
5.41248
5.54579
5.54579
5.54579
5.54579
5.21066
5.21066
5.21066
5.12145
5.12145
5.12145
5.12145
3.52349
3.52349
3.52349
3.70199
3.56777
6.22434
7.90972
9.24484
8.56712
8.56712
8.85791
8.85791
7.15909
7.15909
7.15909
7.15909
7.15909
6.54892
7.8217
8.15556
8.15556
8.15556
10.2053
10.2053
10.2053
12.5374
12.5374
12.5374
11.0006
10.9014
9.38815
9.38815
9.45852
7.71827
5.59233
5.59233
5.59233
5.59233
6.17217
6.17217
6.17217
6.17217
3.60926
5.09279
5.09279
4.71211
4.71211
4.71211
4.71211
4.71211
1.63067
1.63067
1.63067
1.63067
1.63067
1.63067
2.1019
2.1019
2.1019
2.63298
3.1361
3.1361
3.1361
3.1361
3.1361
3.1361
3.08727
3.08727
3.08727
3.87134
4.39164
3.26132
3.26132
3.26132
3.26132
3.26132
3.2095
3.2095
3.2095
1.80765
3.70759
3.70759
3.70759
3.70759
3.70759
2.99661
1.26489
1.26489
2.14512
2.86254
2.86254
2.86254
2.86254
2.48552
2.48552
2.48552
2.48552
3.9169
3.9169
3.31458
4.90558
7.15189
7.15189
5.94095
5.94095
5.94095
5.94095
5.94095
5.02871
5.95482
6.07322
6.01409
6.01409
6.01409
6.01409
7.39469
7.14012
4.78505
4.78505
4.79137
4.79137
3.96749
3.96749
3.96749
3.96749
3.96749
3.96749
3.96749
3.96749
4.97761
4.97761
5.98692
4.91478
4.91478
1.95896
1.95896
5.76116
5.76116
5.06394
7.30123
7.30123
5.14897
5.14897
5.14897
3.31808
5.07251
7.17546
5.21003
5.21003
2.68839
2.68839
4.65692
4.65692
4.65692
5.27649
5.27649
5.27649
4.76872
4.76872
4.5735
4.5735
4.97688
4.97688
2.4768
2.4768
2.4768
2.4768
2.4768
2.83947
2.83947
2.51603
5.99076
5.99076
1.90621
3.97017
3.85744
5.39833
8.19407
6.29817
2.80758
3.28122
5.73812
5.73812
5.73812
5.16605
5.16605
5.16605
5.16605
6.20023
6.20023
5.20073
4.57131
2.17539
2.7029
2.49571
2.49571
3.80003
2.81177
4.44317
4.44317
4.44317
4.664
4.664
4.74823
1.97648
1.97648
1.97648
1.97648
1.97648
1.97648
1.97648
1.97648
1.97648
3.81653
3.81653
3.81653
3.81653
4.24539
4.12938
3.96955
3.52216
3.52216
6.13215
5.44285
5.44285
3.65868
3.65868
3.65868
3.65868
3.65868
3.65868
5.82734
5.15052
3.35344
3.35344
6.04577
6.04577
6.04577
6.04577
7.72486
7.61011
7.61011
7.52786
7.52786
7.52786
7.52786
6.61763
4.7153
4.7153
7.07744
6.57283
6.57283
5.32056
5.32056
5.32056
5.34582
5.57169
6.73473
7.08768
4.47678
4.47678
4.47678
4.47678
4.64128
4.64128
7.52386
7.52386
7.52386
9.46935
9.46935
9.46935
8.61942
8.61942
5.60156
6.96737
6.08227
6.08227
5.23961
1.77583
1.77583
1.24243
3.73303
3.73303
2.86879
2.86879
2.86879
2.86879
2.82801
3.14349
1.27642
3.66283
3.66283
5.96142
6.37952
5.12597
8.06616
3.79751
3.79751
3.22713
3.22713
3.22713
2.83534
3.129
3.129
3.63609
3.63609
3.63609
3.63609
3.63609
3.63609
3.63609
3.63609
4.3395
4.3395
4.3395
4.40098
4.40098
3.98371
3.98371
4.20461
4.20461
4.20461
4.20461
4.20461
4.20461
3.15019
3.15019
4.03355
3.78683
4.87957
5.69701
5.44555
5.44555
5.44555
5.44555
5.44555
3.72542
3.79729
3.79729
3.79729
3.79729
6.2647
6.2647
4.11632
5.30856
5.30856
5.30856
5.30856
4.39921
4.39921
3.30578
3.30578
3.83343
3.10967
3.10967
3.10967
3.10967
4.34564
3.48986
3.48986
2.64628
2.74939
2.74939
3.91826
5.60734
6.28475
6.28475
8.04944
8.04944
6.57702
7.94167
7.30476
7.30476
7.30476
7.30476
6.02494
4.03896
5.44232
5.44232
5.91356
5.91356
5.91356
5.91356
5.91356
4.16758
4.16758
4.16758
4.16758
4.16758
4.16758
3.71161
3.89898
5.14289
3.95909
3.95909
4.64067
4.64067
4.64067
4.64067
4.64067
7.31387
7.31387
7.31387
7.31387
7.74874
8.05366
9.64727
9.64727
9.64727
10.7476
9.78454
10.7278
10.7278
10.8163
10.8163
10.4978
8.35838
6.91495
6.91495
6.91495
6.91495
6.91495
6.09913
7.81911
7.81911
7.4589
7.4589
7.4589
7.4589
6.39138
4.03137
4.03137
4.03137
4.03137
6.93501
6.93501
7.63992
10.4915
7.95222
6.55126
6.55126
4.03981
5.50555
4.9784
7.79284
4.12404
4.79343
4.79343
4.79343
5.44388
5.70414
5.21237
4.53444
1.64303
1.64303
1.64303
2.52135
2.52135
4.1918
4.1918
4.1918
4.1918
5.05695
5.05695
5.05695
5.05695
5.05695
7.33344
5.19885
5.02806
5.58849
5.57057
6.68768
6.26906
5.79601
5.79601
5.79601
5.79601
5.79601
4.8143
3.97333
4.5156
4.69988
4.69988
4.69988
5.37731
5.37731
5.37731
5.37731
5.37731
5.37731
3.18441
3.18441
3.18441
3.18441
3.18441
3.18441
3.18441
3.18441
3.38649
3.38649
1.89941
3.05386
3.05386
3.05386
2.84002
4.31851
4.31851
5.76385
5.76385
5.76385
4.85133
4.85133
5.46032
5.46032
4.91496
3.02439
3.17305
3.17305
3.17305
3.17305
3.17305
3.17305
2.95662
2.95662
2.95662
2.95662
2.95662
1.88969
1.88969
1.88969
1.88969
2.25757
2.25757
2.25757
2.25757
2.25757
2.25757
2.25757
2.25757
2.25757
2.25757
2.25757
1.76136
1.76136
1.76136
3.64357
3.64357
4.49136
2.0385
2.33282
3.08494
3.08494
3.08494
5.33929
8.15539
9.94692
9.94692
8.79879
8.79879
5.42032
5.02763
5.02763
5.02763
5.02763
5.02763
5.02763
7.57507
8.50039
7.81389
7.81389
8.3041
8.3041
8.3041
8.3041
7.31956
7.31956
7.31956
5.05159
7.01192
3.95073
4.01012
4.01012
4.01012
4.01012
4.01012
4.01012
4.01012
5.31744
5.31744
5.49489
2.0736
2.0736
4.17015
4.52385
2.95442
1.71452
1.71452
1.71452
4.74872
4.74872
4.74872
4.73182
4.73182
7.34528
5.83725
3.85842
3.85842
3.85842
6.39141
6.34577
6.34577
6.34577
6.52801
7.69944
7.69944
7.69944
7.69944
7.69944
7.99675
8.07226
6.27875
5.50006
5.50006
5.50006
4.31037
4.85562
4.85562
3.77503
4.86822
5.6604
5.6604
6.59153
6.59153
6.80923
4.55966
4.55966
3.2101
4.37967
7.07377
9.06388
7.14055
7.14055
8.16219
8.16219
7.63061
6.80086
6.7022
4.56569
5.09398
5.09398
6.29229
5.64626
6.81208
5.05212
5.05212
5.81134
3.25211
3.25211
3.25211
3.25211
3.25211
3.25211
5.50112
5.50112
5.50112
5.50112
3.97693
3.44016
5.78655
5.78655
5.78655
7.46397
5.54461
5.54461
5.82573
5.03558
3.67001
2.68485
3.88287
4.95479
5.5591
5.5591
5.5591
4.92171
4.92171
4.92171
3.68676
2.01488
2.71387
2.71387
2.71387
2.06138
3.535
4.48741
4.48741
4.48741
4.48741
6.84044
6.84044
4.99081
3.67672
2.46999
2.46999
2.46999
2.46999
1.76135
1.76135
1.76135
1.76135
1.76135
1.76135
4.3501
4.3501
4.3501
4.3501
5.65571
5.65571
3.66208
3.2631
4.85934
3.45208
3.45208
3.45208
3.45208
3.45208
4.25058
4.25058
1.97651
1.97651
1.97651
2.74848
2.03009
3.79766
3.79766
3.79766
3.79766
3.79766
3.79766
3.79766
3.79766
3.79766
5.90698
6.06548
5.37423
5.37423
4.7912
4.7912
4.14075
4.14075
2.52837
2.52837
2.52837
2.52837
2.52837
2.52837
4.80662
4.80662
4.80662
4.80662
7.73318
6.95351
6.95351
7.59085
4.29799
4.29799
5.73777
5.73777
5.73777
5.73777
5.34791
5.34791
3.91816
4.24416
4.24416
4.24416
4.24416
2.80319
2.80319
3.70523
2.70363
2.02249
2.02249
1.48963
2.4773
2.4773
3.49804
3.80328
3.02438
3.02438
3.02438
3.02438
1.98754
1.98754
1.98754
4.87958
4.87958
4.87958
6.47865
6.47865
6.10716
5.307
5.307
4.82409
4.82409
5.36877
5.36877
5.36877
3.11577
3.11577
3.11577
3.11577
3.11577
5.70106
5.25963
5.25963
2.56757
2.56757
2.56757
2.56757
2.56757
2.56757
1.29208
1.29208
1.29208
3.96511
4.80082
2.67248
3.93411
3.93411
2.07407
2.07407
2.86149
2.86149
2.00109
2.00109
2.00109
2.00109
2.12572
2.12572
2.12572
2.12572
2.12572
2.12572
2.12572
2.12572
2.12572
2.12572
2.12572
2.12572
2.12572
2.12572
2.12572
2.12572
3.75729
6.15868
7.32892
4.30325
4.30325
4.30325
4.30325
2.44312
3.79452
4.99406
4.99406
6.94091
6.94091
5.13882
5.13882
6.06823
7.9492
7.9492
8.79515
9.42134
10.1603
9.82315
8.35901
8.62812
8.62812
8.57518
8.57518
8.84475
8.84475
12.8064
12.8064
14.582
14.125
14.125
13.8396
13.8313
13.8313
13.4759
13.4759
13.4879
11.579
11.579
9.51024
7.11829
7.11829
8.83875
8.83875
5.3806
5.3806
6.46643
6.46643
5.38959
4.31228
4.09976
4.5157
5.48535
5.48535
5.48535
5.48535
5.6808
3.73234
3.73234
3.73234
3.73234
3.73234
3.73234
5.12433
5.12433
5.12433
4.83951
4.83951
3.10752
3.10752
3.10752
4.20253
4.20253
3.77283
3.77283
3.77283
3.77283
2.24205
5.78337
4.68132
4.68132
4.68132
4.68132
4.68132
4.68132
4.68132
4.61937
4.38046
3.50553
2.38968
2.38968
0.946843
0.946843
0.946843
0.946843
3.98899
4.79665
4.79665
4.79665
3.91767
3.91767
3.91767
3.49723
3.49723
1.69155
4.16414
4.16414
4.16414
4.16414
4.16414
4.16414
4.16414
4.16414
4.16414
4.32162
4.32162
6.01546
6.01546
3.29219
3.29219
2.38599
2.38599
2.38599
2.38599
2.38599
4.13287
4.13287
5.87255
5.96409
5.86719
5.86719
5.86719
5.59837
4.99542
5.80637
6.42105
6.42105
4.78331
4.78331
7.27473
6.9378
6.01591
6.01591
6.67084
5.70399
5.83033
9.43988
9.43988
9.43988
9.43988
8.85749
9.36491
9.36491
6.85114
4.03567
4.14087
4.14087
4.14087
4.14087
5.65512
2.92349
2.92349
2.92349
3.78637
3.19817
3.19817
3.19817
3.19817
2.69867
3.47042
3.47042
4.25226
4.25226
1.63011
3.4158
5.19449
5.19449
5.19449
5.19449
5.17844
4.71347
4.71347
4.71347
4.71347
3.59984
3.59984
3.96825
3.96825
3.96825
5.53425
5.53425
5.53425
5.53425
5.53425
5.53425
5.53425
5.50609
5.50609
5.50609
5.50609
5.50609
6.45649
6.84323
6.84323
5.58796
5.58796
6.85185
5.19508
5.19508
5.19508
6.17664
6.75217
6.75217
4.49109
2.3366
2.3366
2.3366
2.3366
2.3366
2.3366
2.3366
5.49828
6.5055
7.77225
4.8121
2.99132
2.5994
2.5994
2.5994
3.29469
3.37581
1.4638
4.38399
4.38399
4.38399
4.38399
4.38399
2.24451
2.24451
2.24451
2.24451
2.24451
2.24451
2.24451
2.24451
4.53917
4.53917
4.53917
2.20273
4.07747
4.07747
1.87975
1.87975
3.22353
3.90712
3.90712
1.81672
1.81672
1.81672
1.81672
1.81672
1.81672
3.54996
2.70142
2.70142
2.70142
2.70142
2.70142
2.70142
2.70142
4.20516
1.54522
1.54522
1.36203
3.30424
4.88887
7.24385
7.24385
5.64276
5.64276
5.64276
5.64276
4.44375
4.38069
3.80195
3.80195
3.80195
1.51775
1.51775
1.51775
1.51775
1.51775
3.20092
4.74987
4.38326
4.38326
4.38326
3.38449
1.91789
2.75091
2.75091
4.12936
5.68869
7.6129
7.6129
8.35139
7.97979
8.48288
8.48288
8.48288
8.48288
7.89777
7.89777
8.51143
8.61342
9.05198
9.86265
9.16443
9.96979
8.16801
6.9012
4.30246
3.97575
3.16017
3.16017
3.16017
4.16984
4.16984
4.16984
4.16984
5.21077
4.0926
1.59694
2.41948
4.46414
3.47465
3.47465
3.47465
4.17352
4.17352
3.09555
3.09555
2.37514
2.37514
2.37514
3.06151
3.06151
3.06151
2.48407
2.48407
2.48407
2.48407
2.48407
2.48407
2.52648
2.52648
3.05148
1.6395
4.02742
5.55876
5.55876
5.55876
6.31637
5.7001
5.7001
4.30468
4.30468
4.66668
6.95379
6.95379
6.82301
4.92234
4.92234
4.92234
5.41835
5.41835
5.41835
5.07779
5.07779
4.16849
3.0192
4.45069
4.45069
4.45069
4.45069
2.50433
3.18795
0.726671
0.726671
3.49902
3.49902
3.91937
5.53316
4.49366
4.49366
4.49366
4.98944
3.13906
3.13906
3.13906
3.13906
4.19112
4.19112
4.19112
4.19112
6.67402
5.89371
5.89371
4.75941
2.43404
2.43404
2.96433
2.96433
2.96433
5.12268
2.4593
4.03233
4.03233
5.69363
6.79989
7.52098
7.52098
6.71185
3.94241
3.81543
3.81543
3.81543
4.52911
4.52911
4.7779
4.7779
3.15801
3.15801
4.94798
4.94798
4.94798
4.94798
4.94798
4.20743
4.20743
5.03955
5.03955
3.07712
3.73502
4.5383
6.90034
6.90034
4.12479
4.59463
5.08275
5.08275
5.1609
5.1609
6.89088
6.01617
6.01617
6.01617
6.01617
6.01617
3.45111
5.31628
4.85855
4.44852
4.44852
6.77014
6.20883
3.57748
3.57748
3.57748
3.57748
3.96797
5.85549
9.1648
9.1648
7.1108
5.73713
5.73713
5.73713
5.73713
5.73713
5.73713
4.66869
3.40783
3.40783
1.35983
3.16054
3.16054
3.69425
4.3516
4.5005
4.5005
4.4031
4.4031
4.4031
4.4031
4.68038
3.85816
3.85816
1.24849
0.814306
3.27297
3.27297
3.27297
4.1677
2.30527
2.30527
2.30527
2.30527
2.30527
2.30527
3.72323
3.72323
4.17283
4.40907
4.40907
4.43687
3.05053
6.10785
3.94692
3.94692
2.91043
2.91043
2.91043
3.23145
3.23145
3.23145
3.33428
3.32191
3.32191
3.32191
3.32191
3.32191
4.93634
4.93634
3.54597
3.54597
3.54597
4.36691
4.83176
4.83176
4.83176
3.46356
2.50397
2.50397
2.50397
2.50397
2.50397
2.50397
2.50397
2.50397
2.12808
3.38397
3.38397
3.57714
6.71456
6.71456
6.71456
5.80026
5.80026
7.99801
7.99801
8.16006
5.8408
5.03526
5.47299
5.47299
5.47299
5.47299
3.63636
3.63636
3.63636
3.50502
3.50502
5.21359
5.21359
5.21359
5.21359
5.21359
5.21359
5.21359
7.68766
7.68766
7.0888
3.94426
3.94426
3.23406
5.30604
5.45883
5.45883
5.45883
7.55144
7.55144
6.07003
6.07003
4.2906
3.9768
3.93019
3.93019
6.13587
6.13587
6.13587
6.0592
8.76262
8.76262
7.05554
7.05554
7.05554
7.05554
7.05554
4.48007
3.75981
2.94025
2.58284
4.93369
6.25007
8.39007
8.39007
7.8057
7.8057
7.67434
7.67434
7.67434
8.74659
7.2088
8.2779
8.2779
8.2779
8.52156
9.24669
8.77027
8.96736
8.96736
6.60707
7.77619
7.77619
7.6167
9.04338
9.04338
9.04338
7.01826
7.01826
8.99537
9.15198
7.64557
7.64557
5.0327
5.0327
4.66874
4.66874
2.51085
2.51085
3.95944
3.81145
3.81145
5.7583
4.88984
4.88984
3.89023
3.89023
4.16142
5.53264
5.53264
4.47512
4.64334
4.64334
2.97674
4.01702
6.67337
6.67337
7.47139
5.06085
5.06085
5.06085
5.06085
5.06085
5.98863
4.53956
4.53956
5.43955
5.43955
5.43955
5.43955
3.01892
3.01892
3.01892
3.78404
3.78404
5.94778
5.94778
5.94778
6.79065
4.74241
4.4136
5.50456
3.59466
3.59466
6.00717
4.23561
6.10906
4.82227
2.71688
3.34453
3.34453
3.34453
1.81079
1.81079
1.81079
1.81079
0.960853
3.13874
4.14744
3.0521
3.0521
2.09039
5.426
2.68278
5.0237
2.94882
2.94882
3.72611
3.97969
3.97969
3.97969
4.11967
2.74684
2.74684
2.74684
2.74684
2.74684
2.74684
5.23257
6.60873
6.60873
5.7633
4.6696
4.6696
4.63503
4.94866
6.52135
6.87696
7.64702
7.64702
8.95068
9.94128
7.80148
7.80148
7.80148
7.80148
7.80148
6.8152
4.53582
4.53582
3.53652
3.63985
3.63985
6.28358
6.99706
5.32452
6.37649
5.89552
4.84853
4.84853
5.43252
5.23935
5.23935
3.60809
5.17451
3.5367
3.5367
3.5367
3.5367
6.40793
4.90705
4.90705
5.97982
7.01483
6.17531
3.27821
3.35906
3.35906
3.35906
3.35906
3.35906
3.35906
3.35906
3.35906
4.66886
4.66886
4.66886
5.27599
5.27599
5.27599
5.27599
5.27599
5.72351
5.72351
5.72351
5.72351
4.1983
4.1983
4.1983
4.74383
6.13974
6.13974
6.60966
6.88667
6.88667
6.88667
8.69172
9.33769
9.58173
13.0247
13.0743
12.9126
12.9126
12.9126
11.7836
11.7836
11.7836
10.9212
9.47242
9.73257
8.08986
7.51259
6.4866
6.4866
6.4866
7.98252
7.98252
6.09813
6.09813
6.11057
6.11057
6.11057
3.91771
3.16586
3.16586
3.16586
3.16586
3.16586
3.16586
4.28038
4.28038
5.60056
6.16894
2.99322
2.99322
2.99322
2.99322
2.99322
3.58163
3.58163
5.68001
4.68853
4.68853
4.68853
4.68853
4.68853
2.70575
4.01347
4.01347
4.01347
4.01347
7.28648
4.61993
5.97006
5.97006
4.6031
4.6031
4.6031
4.6031
4.6031
4.6031
4.9882
4.39823
4.39823
3.67591
3.71279
3.71279
3.71279
3.71279
3.08468
3.55763
1.64511
1.75952
1.75952
2.48646
2.48646
2.48646
1.97019
2.25053
2.25053
3.46663
3.7641
2.66473
5.515
5.515
5.515
5.75797
5.75797
5.75797
5.75797
5.11388
5.11388
5.11388
2.51061
2.51061
2.51061
2.51061
5.21276
5.21276
6.02594
6.02594
6.02594
4.58438
5.02488
5.02488
5.02488
5.02488
3.70684
1.91682
1.91682
1.91682
1.91682
3.09124
3.09124
3.09124
3.01009
2.46219
3.92605
3.92605
6.06257
4.75526
4.75526
2.95765
2.95765
2.42374
4.53219
5.78879
5.78879
4.45591
4.45591
3.75713
2.37484
5.56021
5.56021
6.50722
6.50722
4.88172
5.69219
5.17653
5.45702
5.45702
5.45702
4.02331
4.13237
4.91653
7.3591
6.18007
6.18007
6.18007
6.18007
6.18007
6.18007
6.77837
6.77837
7.5751
7.5751
7.5751
7.5751
7.5751
8.11722
8.15517
8.15517
8.15517
8.15517
6.43578
6.43578
7.09528
7.31736
5.70669
5.70669
7.64462
7.64462
7.64462
8.08453
8.08453
8.08453
7.07929
7.07929
7.07929
7.82689
5.301
5.301
5.301
6.62721
5.18575
5.18575
5.18575
5.18575
5.18575
5.18575
5.18575
2.82085
2.82085
4.52855
4.52855
4.52855
4.52855
4.52855
3.27424
3.28161
4.71573
4.47789
4.47789
4.47789
4.47789
4.58331
6.1564
5.66068
2.89413
2.89413
2.89413
2.89413
4.00722
4.00722
4.00722
4.00722
4.00722
4.00722
3.84298
3.84298
3.84298
3.84298
1.29153
1.29153
1.29153
4.29786
4.29786
4.29786
4.29786
4.29786
3.06314
3.06314
3.06314
3.06314
3.06314
3.51311
3.51311
2.06012
4.87769
4.87769
4.87769
4.87769
4.87769
4.87769
3.9349
3.9349
2.15561
2.15561
2.15561
3.66209
0.873998
0.873998
0.873998
0.873998
3.3142
3.3142
3.3142
5.25382
5.25382
5.25382
5.25382
5.25382
5.25382
3.52143
6.5687
6.5687
6.40886
5.1368
5.03315
6.36163
6.36163
6.36163
6.36163
3.92836
3.40084
3.40084
3.40084
4.84607
4.84607
4.85138
5.36812
5.36812
5.36812
5.36812
5.72254
5.72254
3.54601
3.54601
3.54601
5.53576
5.53576
5.53576
5.53576
4.33568
5.32916
5.32916
5.32916
5.48666
5.48666
6.14329
5.43966
5.43966
5.43966
5.43966
5.43966
5.43966
3.27404
3.27404
1.00281
1.00281
1.00281
1.00281
2.22422
2.22422
2.22422
3.6626
3.6626
4.73773
6.96846
4.09285
5.6493
5.6493
4.75666
4.36808
4.36808
6.04301
3.94471
3.94471
5.90219
5.39449
3.2973
3.2973
3.2973
3.2973
3.2973
3.2973
2.24215
2.24215
2.24215
2.24215
2.24215
2.24215
2.24215
3.98277
3.98277
3.98277
6.23984
6.01957
4.18254
4.18254
4.18254
3.55831
3.55831
3.55831
3.94253
3.92356
6.54483
6.35622
6.35622
6.35622
4.25627
3.39471
2.39537
5.0248
5.38525
3.30738
3.30738
3.30738
3.30738
3.30738
3.30738
3.30738
3.30738
3.30738
3.30738
3.30738
4.66152
4.66152
4.68653
3.72887
5.07692
4.00266
4.00266
3.63779
3.63779
4.51888
4.51888
4.51888
2.0364
2.05719
2.05719
1.62895
1.5099
1.5099
2.26065
1.66582
1.66582
3.07559
1.3863
1.89645
1.89645
3.55926
3.86026
3.86026
3.86026
5.27406
6.99007
6.99007
6.99007
6.34153
6.34153
6.34153
5.50666
5.50666
5.50666
4.37787
4.37787
4.37787
4.02415
4.02415
4.02415
4.02415
4.02415
4.02415
4.02415
4.02415
4.02415
4.70649
6.60924
6.60924
6.60924
6.60924
5.10691
5.53737
5.88686
5.88686
5.88686
3.1064
1.77184
2.38443
1.81484
1.81484
1.81484
1.81484
1.81484
2.27337
2.27337
2.27337
2.27337
2.43362
2.47754
2.47754
2.47754
3.34645
2.98584
2.98584
2.98584
2.98584
1.30129
1.30129
1.30129
1.30129
1.30129
1.30129
1.30129
1.30129
2.65869
2.65869
3.46581
2.9612
1.91119
3.43837
3.43837
3.43837
4.67136
4.67136
3.77222
3.77222
3.0374
1.05144
1.05144
2.54082
2.54082
2.54082
3.79404
4.00818
4.00818
3.41416
3.41416
6.14441
6.14441
6.14441
5.73732
4.12957
1.93942
1.93942
1.93942
1.93942
1.93942
1.93942
1.93942
1.93942
1.93942
4.63923
3.28907
4.02004
4.02004
3.10874
3.10874
3.03784
3.03784
3.03784
3.03784
1.19382
1.19382
2.2565
2.2565
2.2565
3.42563
3.42563
3.42563
3.42563
3.42563
3.42563
3.42563
3.42563
3.42563
3.6876
3.6876
3.6876
3.6876
3.6876
4.52651
4.52651
6.64492
7.51777
7.51777
6.41078
4.20297
4.20297
4.7328
4.60921
4.60921
3.94788
3.94788
4.37674
4.37674
4.37674
5.92271
5.67842
5.67842
5.67842
5.67842
6.52011
6.11186
4.22538
4.22538
3.85735
6.01597
7.05089
3.82729
3.82729
4.95931
4.95931
2.50496
2.50496
2.50496
5.49594
6.47606
6.47606
6.65143
6.96993
8.4562
8.4562
8.61189
8.61189
8.10415
8.18219
5.07116
4.13277
0.848935
2.7426
2.78143
3.59013
5.00416
5.99983
5.99983
5.99983
5.99983
5.99983
5.99983
3.89184
3.89184
3.89184
3.84703
3.84703
3.84703
3.84703
5.26062
5.26062
6.74294
5.87389
3.3366
3.69015
4.2342
5.91664
5.91664
6.86524
6.86524
6.86524
6.86524
5.12326
5.12326
5.12326
4.77979
4.77979
4.51331
5.13804
5.13804
6.74213
6.74213
7.6277
7.41546
4.87753
4.84355
2.8563
2.89729
4.31888
4.31888
3.18577
4.52076
4.72995
4.37874
2.16807
2.16807
2.16807
2.16807
4.11165
4.11165
3.27065
3.27065
6.19235
4.50145
4.50145
3.33089
3.12065
3.12065
3.12065
3.12065
5.07341
7.30399
7.30399
7.30399
7.55073
6.07991
6.07991
5.06807
5.06807
6.51975
8.83621
8.83621
8.71729
8.71729
8.71729
8.71729
8.71729
8.71729
8.52963
8.17344
8.17344
8.17344
9.67335
7.97458
7.37466
7.37466
5.83044
7.22319
7.22319
7.22319
7.22319
7.22319
7.22319
8.88771
5.70843
5.70843
5.70843
5.70843
2.90815
5.29585
5.29585
5.34893
5.34893
5.34893
6.74983
6.24423
6.91383
8.2172
10.4911
11.4607
8.67645
9.82781
9.46684
9.00673
9.00673
9.00673
9.00673
9.00673
9.00673
8.2219
8.2219
8.2219
7.39512
7.39512
5.45666
7.2521
7.2521
6.29534
7.58371
7.58371
5.82961
5.82961
5.82961
5.94193
4.00446
5.24951
6.04016
5.48398
5.48398
3.54659
3.54659
3.79067
3.79067
3.79067
5.04068
5.04068
5.04068
5.18293
5.18293
5.18293
4.57872
4.44858
2.169
2.169
2.169
3.50648
4.6684
3.58249
3.37789
5.40438
5.40438
5.40438
4.44813
3.76518
3.76518
3.76518
2.64557
2.64557
1.82104
2.38927
2.38927
3.28694
3.28694
3.28694
5.62809
5.1659
4.72337
4.98684
4.98684
2.4981
3.22957
3.22957
1.91215
4.78958
4.78958
6.52533
7.38358
7.38358
6.18047
3.60556
3.74405
3.74405
2.9396
4.64573
2.51959
2.51959
3.1798
3.1798
3.1798
3.8775
5.43054
5.43054
5.43054
5.43054
4.58668
3.44798
3.44798
3.44798
5.8567
5.8567
5.15548
4.75238
4.75238
3.93689
7.19137
7.19137
7.19137
7.50272
6.29087
8.2845
7.25543
7.25543
7.83084
7.83084
7.25545
7.25545
7.25545
7.25545
6.33807
6.33807
9.43255
9.43255
9.43255
8.93843
8.46735
8.46735
8.87273
8.87273
8.87273
8.87273
9.55628
8.04482
8.04482
8.04482
8.04482
6.47101
9.50648
9.50648
9.50648
9.50648
7.37947
7.37947
5.45694
5.45694
5.45694
4.20473
4.20473
4.9581
4.9581
4.9581
4.9581
4.33058
4.33058
4.33058
4.33058
4.33058
5.61331
4.96738
5.12943
5.12943
3.78551
3.78551
3.78551
3.78551
3.78551
3.78551
3.78551
3.78551
2.87618
2.87618
2.87618
2.87618
2.87618
3.30238
4.22947
4.22947
6.25386
6.25386
6.25386
6.68374
6.68374
6.68374
6.49513
6.49513
6.49513
6.49513
6.49513
6.49513
5.10078
5.10078
7.4483
8.0104
6.16452
6.16452
3.83854
1.64496
1.64496
3.96145
3.96145
3.96145
3.96145
2.84538
2.84538
2.84538
2.84538
1.92454
1.92454
4.6064
4.6064
4.6064
4.6064
4.6064
4.6064
3.16652
3.16652
3.16652
3.59567
4.32202
6.7119
6.77573
6.48462
5.11982
5.11982
5.11982
7.1633
7.40454
7.40454
6.08767
6.08767
6.08767
3.30971
5.64745
6.40038
7.47635
5.59242
5.66119
4.70163
4.70163
4.70163
3.37155
6.39927
6.39927
4.23342
4.46945
5.28592
6.38049
7.62188
7.62188
7.62188
7.62188
7.92912
7.24436
7.94815
7.94815
6.56982
5.24414
2.03221
2.88901
2.88901
2.88901
2.88901
3.39214
3.35797
5.96257
5.96257
6.44962
6.44962
6.32993
6.32993
5.54616
4.37329
6.46367
4.89132
4.89132
4.17265
4.17265
3.84505
3.84505
6.40254
6.40254
6.40254
3.96513
3.96513
3.96513
3.96513
4.19789
4.19789
4.86086
4.86086
3.91088
4.46808
4.46808
5.69488
5.69488
6.61087
6.61087
7.27018
7.27018
5.29566
8.55547
8.55547
6.94748
5.13253
4.49839
4.49839
4.49839
4.49839
3.56112
5.97148
5.80966
5.80966
4.13436
3.93261
3.93261
3.93261
3.93261
3.93261
2.96826
2.19593
2.19593
2.19593
2.19593
2.19593
3.5151
3.5151
3.5151
3.5151
3.59784
5.79102
5.79102
5.79102
7.29112
7.29112
7.29112
6.18738
6.18738
6.18738
6.18738
4.83086
4.83086
7.12724
5.69082
5.66566
5.66566
5.31299
5.4005
5.77048
5.77048
5.77048
8.86418
7.24725
5.35865
4.35861
4.36494
4.36494
3.46684
5.14678
3.6655
3.6655
3.03701
3.03701
3.03701
3.03701
3.03701
4.96997
6.68881
8.60674
8.60674
6.78234
6.78234
6.78234
6.78234
6.78234
6.78234
6.89128
6.89128
6.89128
6.15803
7.56537
6.76915
6.19352
2.88677
3.73144
6.21322
8.16529
6.9656
6.23923
6.23923
6.23923
5.49915
5.49915
5.49915
2.29768
3.23774
3.23774
3.23774
3.23774
3.23774
3.23774
3.23774
5.30097
5.30097
3.93136
3.93136
6.08551
6.32382
8.27018
8.27018
9.17621
7.36435
7.37957
8.08068
7.28356
7.28356
7.28356
6.2269
4.22576
4.22576
5.58085
5.58085
7.32208
5.81068
7.08212
8.05633
8.05633
8.05633
6.7023
7.63357
7.63357
8.50557
10.9763
11.995
11.995
12.5533
12.5533
9.14154
10.6737
10.6737
9.83681
9.83681
11.8786
11.8786
11.8786
11.2768
11.4686
11.4686
9.8108
9.8108
9.26561
6.90202
4.62848
4.62848
4.62848
4.85814
4.85814
4.85814
4.85814
4.85814
5.38781
5.38781
3.51845
3.51845
4.70451
4.70451
2.24348
2.24348
2.23826
2.23826
1.00107
3.26439
3.83967
3.08085
3.08085
3.08085
3.08085
3.08085
3.08085
3.08085
3.08085
3.08085
3.08085
3.08085
3.08085
2.81476
5.31605
3.10048
3.3486
3.3486
3.3486
3.01957
3.01957
3.01957
4.98676
6.70607
6.58013
5.7757
5.7757
3.78713
4.72919
4.43114
3.95031
5.63262
5.63262
6.53038
6.53038
6.53038
6.53038
7.7159
8.02758
8.02758
8.02758
8.02758
6.78827
6.93302
7.6436
7.6436
7.08339
7.48333
7.60283
7.60283
9.60363
8.5513
7.94418
7.94418
7.57394
8.2848
7.24994
8.64315
8.64315
8.64315
8.29757
8.29941
6.14243
6.97294
7.69898
7.69898
8.11772
8.11772
8.11772
7.3051
7.3051
7.81563
7.29119
6.01294
4.70199
4.70199
1.79358
4.00069
4.00069
2.11618
2.11618
2.11618
2.11618
2.11618
3.94017
2.8756
2.8756
1.38504
1.47031
2.20646
5.51858
5.51858
5.51858
7.28815
6.76254
8.66717
8.66717
8.66717
8.66717
8.44046
8.44046
8.44046
8.44046
8.44046
8.44046
5.58002
5.58002
5.58002
5.58002
2.52434
2.52434
2.52434
2.52434
3.46191
3.46191
1.97514
1.97514
1.97514
4.0647
3.9362
2.73046
4.65238
7.00711
7.00711
8.20024
7.34253
7.34253
6.71504
6.71504
6.71504
6.71504
6.71504
6.71504
6.71504
6.71504
6.71504
4.57759
4.57759
4.57759
4.57759
3.26095
3.26095
3.26095
3.26095
3.26095
3.26095
3.26095
3.26095
3.26095
3.26095
3.52736
3.52736
3.52736
3.48137
2.73212
5.48182
5.48182
5.48182
5.88337
5.88337
4.34988
4.34988
4.34988
4.34988
4.34988
4.95843
3.89486
6.87283
7.0212
7.0212
5.43803
7.44015
7.44015
6.70579
4.00336
4.00336
4.00336
4.00336
3.18752
3.40685
4.90448
4.90448
3.87077
3.9554
4.02094
4.02094
2.75137
2.75137
2.75137
2.75137
2.75137
3.11403
3.11403
4.6205
4.6205
4.6205
4.6205
5.64402
5.64402
5.64402
7.41888
7.41888
5.56114
5.56114
5.56114
4.18956
3.64312
2.188
2.188
2.188
3.72463
3.72463
5.73903
5.73903
5.73903
5.73903
4.62865
2.49854
3.20306
2.38213
2.38213
2.03312
2.03312
2.03312
3.11843
3.11843
3.11843
5.25716
5.25716
3.23522
3.23522
2.33328
4.92378
2.92298
2.72639
2.72639
4.46477
6.03787
6.38338
6.38338
6.56449
6.56449
6.56449
4.58447
4.58447
4.58447
4.26219
4.26219
4.26219
4.02471
4.02471
3.7653
3.7653
3.7653
6.3279
3.51413
3.51413
3.74756
3.63942
4.92128
4.92128
4.92128
4.92128
6.5741
7.99131
7.99131
7.99131
7.99131
7.99131
6.39627
6.2995
6.42925
5.29069
6.38955
6.38955
7.2952
7.4502
5.6892
5.6892
7.23009
7.23009
4.80417
4.80417
3.1494
5.72771
7.13141
7.13141
7.33281
7.10911
7.10911
7.78277
6.75051
6.87313
6.87313
6.87313
5.19775
3.20338
3.76034
3.76034
3.76034
4.15436
2.26958
2.26958
1.10776
3.06361
6.01831
6.01831
7.78618
7.81916
7.81916
7.81916
7.81916
8.61873
9.96021
10.8208
8.47216
8.47216
8.47216
7.25427
7.22272
7.22272
7.22272
5.85956
9.36856
8.41274
8.41274
10.013
10.013
9.97019
9.97019
9.97019
9.97019
8.2602
6.56965
6.56965
6.0441
4.97996
4.97996
4.97996
4.61611
4.61611
3.44987
3.44987
3.44987
5.08619
5.73815
6.85582
6.85582
4.33098
4.33098
3.7586
3.7586
3.7586
4.23352
5.51456
6.13508
6.70859
7.07064
6.24753
6.24753
7.92729
7.11132
7.11132
7.11132
7.11132
7.11132
7.11132
7.11132
6.49338
4.00304
4.51476
3.69158
3.79572
5.59772
7.12975
7.12975
5.46129
4.80323
4.80323
4.80323
4.80323
4.80323
4.80323
4.80323
3.51969
3.51969
3.42083
3.42083
3.42083
5.50188
7.00625
7.00625
6.12337
8.27215
8.27215
8.27215
7.04726
4.2184
6.68686
7.65861
6.6969
8.09274
7.40565
8.59347
8.59347
8.65028
8.19115
9.25459
9.25459
9.25459
9.25459
8.68108
8.68108
9.39004
11.4866
8.23576
5.35641
5.46281
3.00663
3.09275
3.09275
3.42842
3.42842
3.42842
3.42842
3.42842
3.42842
5.56906
4.53976
4.97019
4.57437
4.57437
4.57437
4.7682
4.7682
4.43629
4.43629
5.26676
4.80916
4.80916
4.78373
4.04198
4.04198
4.04198
2.34182
2.46615
2.46615
2.46615
1.23478
1.23478
4.25078
3.51885
3.51885
3.51885
3.51885
3.51885
4.84264
4.38908
5.91742
5.91742
5.30098
6.17961
4.23151
4.23151
5.41041
5.41041
5.34527
2.34164
3.78127
6.44053
4.47321
6.71195
4.41225
4.41225
4.41225
4.05165
4.05165
3.87463
5.06512
5.06512
5.06512
5.06512
5.68222
3.02942
3.02942
3.02942
3.18779
3.18779
1.77318
0.937198
2.33393
2.33393
2.4681
2.4681
2.4681
2.4681
2.4681
4.31089
5.36217
5.36217
5.36217
5.36217
5.36217
5.36217
4.72805
4.72805
2.27783
4.44091
4.44091
4.64139
4.44481
1.95457
1.95457
2.04569
2.04569
2.04569
2.09103
2.09103
4.27031
4.27031
4.27031
6.39794
6.39794
6.39794
3.99869
3.99869
2.68803
2.68803
4.35954
5.47327
4.4333
4.4333
4.4333
5.9946
5.16095
3.09252
5.91812
5.91812
5.91812
7.72487
7.72487
6.46394
6.46394
6.46394
6.57674
5.22516
8.15118
7.42277
7.96448
6.75289
6.75289
6.12411
6.12411
6.12411
6.12411
6.12411
6.12411
6.12411
6.12411
5.18947
5.18947
5.18947
5.18947
2.60309
4.69996
4.96968
4.71713
5.45843
5.26704
5.26704
5.26704
5.26704
5.26704
5.26704
3.78198
3.78198
3.78198
3.78198
3.78198
3.78198
2.46298
2.46298
3.00739
3.00739
3.00739
3.00739
3.13615
3.19424
3.94221
3.94221
3.94221
3.94221
3.56864
3.56864
4.72331
6.59607
7.77675
8.00103
9.12191
9.53804
9.75279
9.75279
9.55567
8.75769
8.75769
9.12961
9.12961
8.11895
6.25085
6.25085
6.25085
6.25085
6.25085
3.47817
2.686
4.03127
3.277
3.277
3.277
3.277
3.3322
5.35638
3.90694
3.90694
4.20583
4.20583
4.95519
4.95519
5.70338
5.70338
4.06778
4.06778
4.06778
4.06778
4.69228
4.69228
4.69228
4.69228
5.7083
6.00387
4.3505
4.27621
4.27621
4.27621
4.27621
6.31101
6.31101
6.31101
6.31101
5.23705
5.23705
5.34639
5.34639
6.91421
6.3282
8.47997
8.47997
8.28298
7.31362
7.31362
6.26023
5.76347
6.7939
6.7939
6.7939
6.7939
5.21718
5.21718
3.75914
3.75914
3.59719
7.43459
7.43459
9.27002
9.33804
9.33804
8.17873
8.17873
6.55819
6.31963
7.91505
9.93189
10.0665
8.10522
8.10522
7.6439
7.6439
7.6439
10.4239
8.44925
6.73942
6.92806
6.92806
7.01112
7.75504
7.09067
8.89658
8.73658
8.73658
9.60856
10.4808
10.4808
10.3591
7.42191
7.42191
7.42191
7.42191
6.14926
6.14926
5.73097
5.73097
5.73097
7.13456
7.13456
8.35163
8.49638
11.7096
11.5289
11.5789
12.1849
11.0899
12.6615
12.6615
8.44749
8.44749
9.11702
11.1415
12.03
10.1763
8.79912
9.69012
9.69012
8.81426
9.45386
7.94125
7.94125
7.94125
5.71656
5.05148
5.05148
5.05148
5.05148
4.27694
4.27694
4.27694
4.27694
4.60865
4.60865
3.70259
3.70259
3.70259
4.8458
4.8458
4.8458
6.36532
6.54529
6.54529
9.98838
10.3042
8.04617
7.95208
5.91958
5.91958
3.93237
3.99932
3.99932
3.99932
5.50965
5.50965
4.11728
4.11728
4.11728
4.11728
5.56518
5.29573
5.29573
3.94014
3.94014
3.12805
3.12805
4.87973
3.69319
2.30834
2.30834
2.30834
2.30834
4.36601
4.36601
4.36601
7.02798
8.20818
7.25808
7.25808
5.88893
5.88893
5.88893
6.09024
5.7421
5.7421
5.51549
4.44332
3.80387
3.80387
3.80387
3.80387
6.67712
5.73629
5.73629
5.73629
5.73629
5.73629
5.73629
5.16613
2.71203
2.71203
2.71203
3.34041
3.34041
3.34041
5.66246
5.66246
5.66246
6.05612
8.43579
8.43579
8.43579
8.43579
8.43579
10.3161
10.3161
10.3161
10.3161
10.3161
9.23412
9.23412
10.2082
9.12294
7.6766
4.07133
4.07133
6.22819
3.81984
5.87248
3.27666
5.2295
5.2295
7.9335
9.42148
9.42148
9.42148
7.73954
7.41238
7.41238
6.29433
6.29433
4.27072
7.18014
7.18014
7.18014
4.82172
4.82172
4.82172
4.82172
3.54325
3.54325
3.54325
3.54325
3.54325
3.54325
3.54325
2.41766
2.41766
3.994
3.55715
3.55715
3.55715
3.01374
2.88793
2.88793
2.88793
2.88793
2.88793
2.88793
3.40477
3.40477
3.99034
3.99034
5.03869
5.03869
5.03869
4.77912
4.77912
4.77912
4.77912
4.77912
4.77912
4.77912
4.77912
2.50889
2.50889
1.93495
4.19177
4.19177
4.19177
3.76123
4.0762
4.0762
4.0762
4.78681
4.59956
4.59956
4.84837
4.84837
4.84837
3.33335
3.33335
2.57016
3.10777
3.10777
3.10777
3.10777
3.10777
3.10777
3.10777
3.3647
3.47261
3.47261
3.47261
3.03926
4.15537
4.15537
4.15537
5.39113
4.37437
5.83224
3.43149
4.06486
4.19078
4.19078
3.08466
3.08466
1.33735
0.532807
4.2947
4.2947
4.2947
4.2947
4.2947
5.96027
5.96027
6.31624
6.31624
6.92642
6.92642
8.11392
5.84522
5.84522
3.45227
5.15209
3.69629
3.69629
3.69629
4.36972
4.36972
2.97342
4.47732
4.47732
5.9523
5.9523
5.9523
5.9523
5.9523
5.9523
7.61189
7.61189
8.92096
9.92637
7.98433
8.96637
8.96637
8.96637
8.0212
9.19836
11.6393
10.8769
11.5318
13.2083
13.4751
14.7561
13.5704
13.2344
13.2344
13.2344
11.3762
8.2412
8.2412
9.01091
9.01091
7.95882
7.95882
6.43963
6.43963
6.43963
6.43963
6.10407
6.10407
6.10407
6.10407
4.28979
4.28979
2.90002
2.90002
2.00218
3.16704
3.16704
4.65606
3.61245
3.61245
3.61245
4.57707
2.11268
3.24933
3.24933
3.54997
3.54997
3.54997
3.54997
3.54997
1.33228
2.00146
1.68972
2.91218
5.42231
4.42255
4.42255
4.42255
4.45117
5.14091
6.54915
6.54915
6.54915
5.383
7.62051
6.31206
6.31206
2.92753
2.92753
4.71158
5.29519
5.00232
1.87472
3.85693
4.13716
4.13716
4.13716
4.15169
4.15169
4.15169
4.31654
4.31654
4.31654
4.31654
7.56695
7.56695
7.56695
7.48762
7.48762
6.87895
6.87895
6.5643
7.93897
7.93897
9.11731
9.11731
9.11731
9.382
9.00928
9.00928
8.55522
8.55522
6.5177
5.75401
5.75401
5.75401
7.17053
9.00131
9.00131
11.0281
11.0281
11.0281
12.0628
11.3074
11.5084
9.33097
8.27352
6.75829
6.75829
6.75829
7.07149
7.07149
7.53132
5.49034
5.49034
6.10834
7.57241
6.65349
6.65349
6.65349
6.65349
2.98307
0.528481
1.11645
1.11645
1.11645
1.11645
2.80762
1.13047
1.13047
1.13047
1.13047
2.9783
3.63521
3.63521
4.532
4.532
4.532
4.532
4.532
3.09811
3.09811
3.09811
3.09811
3.09811
4.18558
5.68312
6.28887
8.97187
8.74588
9.16115
9.32276
9.32276
9.49739
8.37846
8.37846
10.1877
10.1877
7.69723
7.66143
5.86395
5.45512
5.45512
4.51678
4.92298
7.77585
7.77585
8.79757
8.65992
8.65992
7.08504
8.08381
5.68154
5.00369
1.95956
3.4029
3.4029
3.25403
3.25403
3.25403
3.25403
3.25403
3.25403
3.25403
3.497
3.497
3.497
3.497
3.28594
4.05971
3.06303
3.06303
4.5834
4.5834
4.5834
4.76637
6.1909
5.07061
2.45373
2.45373
2.45373
2.45373
2.45373
3.66937
6.0259
6.0259
6.0259
6.0259
7.66346
8.40173
9.11829
7.61375
8.80203
8.80203
8.80203
8.80203
8.80203
8.80203
8.39832
8.39832
10.0198
10.0198
10.0198
10.0386
9.5494
8.11908
8.11908
8.11908
8.11908
6.45986
6.45986
6.45986
5.65457
5.14278
5.14278
5.14278
7.26139
7.26139
8.21396
8.21396
7.1738
7.1738
7.29249
7.29249
7.29249
7.29249
5.31487
5.31487
3.05833
3.05833
2.19165
2.99405
2.74495
2.74495
2.74495
2.74495
2.74495
3.53701
4.05887
6.16728
8.11149
6.46445
5.50815
5.50815
5.50815
8.12144
8.45954
5.58559
6.75562
6.75562
6.75562
6.75562
5.30579
5.4786
5.4786
5.4786
3.82253
3.82253
3.82253
4.95084
4.95084
6.58985
4.18253
4.18253
4.18253
5.87644
5.87644
5.5486
5.99131
5.24771
5.24771
5.58401
5.97391
5.97391
5.97391
4.82606
4.1344
4.1344
4.1344
5.04348
5.04348
4.54505
4.46006
4.46006
4.46006
4.46006
3.84775
2.68533
2.68533
2.68533
2.68533
5.63036
5.40229
5.40229
5.40229
6.00854
6.00854
6.46389
8.36658
8.36658
9.41581
9.10329
8.5679
7.72954
6.58616
6.58616
4.84979
2.5611
3.0077
1.7745
2.29489
2.8235
2.8235
5.59924
5.59924
6.26321
6.38783
4.62238
4.39298
5.01636
3.63417
3.63417
6.25919
6.25919
6.37054
7.76342
7.55872
7.55872
7.45251
7.45251
5.22513
2.67288
2.67288
2.10567
2.65035
2.65035
2.65035
2.65035
2.93975
2.99688
1.25017
3.58716
1.25239
1.25239
1.25239
4.20591
4.20591
4.20591
7.22209
7.22209
5.23985
6.57954
7.70921
5.96607
5.96607
3.77862
3.77862
3.77862
3.77862
3.83677
3.83677
3.83677
3.83677
2.90178
4.74683
4.74683
8.36592
8.36592
7.66897
7.70743
7.09216
10.4347
11.9679
11.9679
12.3538
12.3538
10.5931
10.5931
9.24458
10.8213
10.9889
9.42158
6.79669
6.79669
6.79669
6.79669
7.09523
7.50353
7.1043
7.98931
7.1096
5.57034
6.16609
6.16609
6.16609
7.46887
7.7319
7.7319
6.19886
4.01727
2.80102
2.80102
2.80102
2.80102
2.80102
2.80102
2.80102
6.17371
3.07416
3.07416
2.99271
5.42174
5.42174
4.70625
4.67309
3.63785
5.14569
5.14569
5.81933
3.87521
3.87521
4.40499
3.96849
3.90432
1.07581
4.2396
4.2396
7.29794
7.29794
7.10176
6.48514
6.48514
6.48514
6.48514
3.3729
3.3729
3.3729
2.69369
2.69369
3.97821
3.97821
3.97821
3.97821
3.97821
3.97821
3.92746
3.92746
3.92746
3.33368
3.33368
4.96538
4.96538
4.96538
2.51964
4.46073
4.46073
5.69873
2.75025
3.77172
5.36314
5.36314
5.36314
5.36314
4.53286
4.99802
5.51297
7.42762
5.61706
2.78478
2.78478
2.78478
2.78478
2.78478
2.78478
2.78478
1.95942
2.45043
2.45043
3.99039
3.99039
2.46149
2.25009
2.25009
2.25009
2.25009
2.25009
3.21425
3.21425
3.21425
3.21425
3.21425
3.21425
2.55452
2.55452
2.55452
2.55452
3.56204
6.21155
4.70887
4.70887
4.70887
4.89186
4.89186
4.89186
4.89186
4.89186
4.89186
5.05275
4.33107
4.71694
4.71694
4.71694
4.98242
4.98242
2.78376
2.78376
2.78376
2.78376
2.78376
2.78376
2.32206
2.32206
3.71208
4.15804
1.37459
3.77173
4.73118
3.51209
3.97045
3.97045
4.75923
2.35606
2.35606
2.35606
5.18459
5.12459
6.86788
7.80084
8.78004
6.37426
6.37426
6.4864
6.4864
6.4864
6.4864
5.6917
7.42442
7.21692
7.21692
7.21692
6.72342
4.74132
3.81466
3.81466
4.33913
3.83946
4.15733
4.15733
4.15733
4.15733
4.15733
4.92902
4.92902
4.92902
3.2031
3.5276
3.28142
3.39368
3.39368
1.14976
2.97499
6.43573
6.3351
5.87968
3.03124
3.03124
3.03124
3.03124
3.03124
3.03124
3.03124
3.03124
2.40893
3.65173
3.65173
3.14928
4.50026
6.05685
6.05685
6.05685
6.05685
5.24176
5.24176
7.61917
5.41707
4.59337
4.59337
6.77062
6.77062
6.77062
3.62408
3.62408
3.62408
3.62408
3.62408
3.62408
3.62408
5.98378
4.98787
5.3777
5.96969
3.82969
5.81023
7.66438
7.66438
8.21517
6.07051
6.07051
6.07051
6.02913
6.02913
8.38488
8.38488
8.61344
7.23353
6.0867
6.0867
6.0867
4.48904
4.48904
4.76383
6.59361
5.88251
5.02484
5.02484
5.02484
5.10251
5.10251
5.10251
5.10251
2.78878
2.78878
2.78878
2.78878
2.78878
2.78878
2.78878
2.78878
2.78878
4.02702
1.62055
1.62055
1.62055
1.62055
1.62055
2.48266
2.6618
2.6618
2.6618
2.6618
4.52943
4.52943
4.95887
2.77416
2.77416
2.77416
2.77416
2.77416
2.15646
1.61674
1.61674
1.61674
1.61674
1.61674
1.61674
1.61674
1.61674
1.61674
3.11892
3.11892
3.25383
4.77286
4.77788
2.28273
2.28273
2.28273
2.28273
2.28273
3.55823
1.4816
1.4816
4.05704
4.05704
2.59496
2.59496
2.59496
2.59496
2.59496
2.59496
2.59496
2.93781
2.93781
2.93781
2.93781
2.93781
2.93781
2.93781
6.07714
6.07714
6.07714
6.07714
2.93073
2.93073
2.93073
3.57242
4.3132
4.4212
4.4212
3.82161
3.82161
3.82161
3.82161
5.17421
4.99315
4.30825
4.30825
4.30825
4.70958
1.07886
1.07886
1.07886
1.07886
3.9936
5.86497
5.04504
3.91083
3.91083
5.32996
4.94634
4.23732
4.23732
5.1056
5.2715
2.96355
2.96355
2.96355
4.41264
4.46602
5.76845
5.76845
4.26413
4.26413
3.602
3.602
3.602
3.602
3.31248
2.26854
1.88667
1.88667
1.88667
4.08846
4.55212
2.6663
2.44688
2.44688
2.44688
1.92828
1.5044
4.22261
3.91365
4.54167
4.74908
4.74908
5.42372
5.23661
5.23661
5.49946
5.49946
7.09715
7.09715
6.8095
6.8095
6.8095
7.20013
6.45909
6.7268
6.97955
6.97955
6.42569
5.88257
4.90281
4.90281
2.57668
2.57668
2.57668
3.81983
3.81983
3.50278
3.50278
2.35665
2.35665
2.35665
2.35665
2.35665
4.55267
4.41239
5.74363
5.74363
5.74363
5.74363
3.51108
3.51108
2.7078
2.7078
1.86628
3.42338
3.42338
3.42338
3.985
3.985
3.985
3.985
3.985
4.39345
4.39345
4.33106
1.77086
5.59306
5.59306
5.59306
3.33649
3.33649
3.97351
3.97351
3.97351
3.24531
5.86758
2.7823
1.43163
1.43163
1.43163
3.32103
4.29244
5.69869
5.69869
5.69869
6.02853
3.83263
3.83263
2.64776
2.64776
2.64776
3.64116
3.64116
3.64116
3.64116
3.64116
3.64116
3.64116
3.64116
3.95893
3.37691
3.37691
2.83433
3.04858
3.04858
5.27991
5.27991
5.53005
6.64781
8.68638
8.02837
8.02837
8.02837
7.19059
4.82653
5.23816
4.23279
1.80156
3.21448
3.21448
3.78083
3.78083
3.78083
3.3132
3.3132
3.3132
3.3132
3.3132
3.3132
3.37703
2.68493
2.68493
2.68493
2.77367
2.77367
2.77367
2.77367
2.77367
5.41231
6.92601
6.92601
6.30121
5.27667
4.27185
3.68222
3.68222
3.68222
5.90405
6.39038
6.39038
6.39038
6.39038
6.39038
6.34263
6.34263
5.53971
5.53971
8.05502
8.05502
8.05502
8.05502
7.87969
7.87969
7.87969
7.87969
8.20793
8.20793
8.20793
6.36909
6.36909
5.35959
4.3084
4.9161
4.30869
4.95296
4.95296
3.41025
3.41025
1.14768
1.61372
2.16592
5.83084
5.83084
5.83084
2.95379
4.47072
4.47072
4.47072
3.51838
3.51838
3.51838
3.51838
3.51838
2.9133
2.77388
2.77388
2.77388
2.77388
0.614684
0.614684
3.59503
3.59503
3.59503
2.87893
3.7074
