0.478876   0.49568   0.482523
-0.328742   -0.340183   0.491456
0.490268   -0.347694   -0.36614
-0.326335   -0.49961   -0.331045
-0.185601   0.488409   0.469661
0.00201086   -0.325025   -0.488644
-0.163039   -0.344434   -0.340935
0.0067596   0.498628   -0.309108
0.129449   -0.49803   -0.498264
0.317785   -0.321505   0.496439
0.164067   -0.341462   -0.341747
0.328874   0.498353   -0.347157
0.492964   -0.167219   -0.498526
-0.337884   -0.0179925   0.487613
0.499899   0.0215728   -0.353008
-0.343186   -0.176052   -0.32776
-0.1733   -0.173328   -0.497653
-0.0154103   -0.00194544   -0.496046
-0.169768   -0.00264596   -0.337125
-0.00746322   -0.164563   -0.32279
0.175221   -0.130353   -0.4901
0.332191   0.0237447   0.496445
0.13915   0.0209063   -0.325813
0.328633   -0.177549   -0.328774
0.492824   0.180105   0.47638
-0.337325   0.316107   0.479143
0.482113   0.314747   -0.337448
-0.34042   0.167995   -0.356553
-0.174956   0.152308   0.478589
-0.018486   0.325763   -0.493648
-0.177766   0.327625   -0.328049
-0.016641   0.168259   -0.334525
0.138381   0.158379   0.46457
0.322251   0.322879   0.494532
0.152457   0.32986   -0.339166
0.318371   0.181691   -0.326588
0.493463   0.490313   -0.173888
-0.338186   -0.326215   -0.177864
0.492448   -0.33703   -0.00226657
-0.342662   -0.488241   -0.0183275
-0.18789   -0.488574   -0.164414
-0.00650373   -0.328806   -0.163628
-0.17419   -0.326881   -0.0135546
-0.00212184   -0.483713   -0.0128227
0.16916   -0.497687   -0.158013
0.350494   -0.336068   -0.180767
0.179328   -0.333014   -0.00664427
0.320538   0.494271   0.00223703
0.482721   -0.154143   -0.15615
-0.343503   0.00386681   -0.162677
0.472609   -0.00175149   0.00284715
-0.356909   -0.162763   0.000504382
-0.171546   -0.175414   -0.185878
-0.0154887   -0.0307461   -0.160919
-0.173373   -0.00241556   -0.00268942
0.00567491   -0.193387   0.00204286
0.160658   -0.158491   -0.196779
0.318281   0.0118181   -0.178498
0.162509   0.0263004   -0.00970509
0.309459   -0.16157   -0.0302198
0.499153   0.162692   -0.176939
-0.354589   0.321674   -0.181006
0.498267   0.318083   -0.00302443
-0.35376   0.157107   0.00036546
-0.173392   0.166786   -0.15535
0.0100458   0.352845   -0.158398
-0.174607   0.330822   -0.00105193
-0.00975696   0.148458   -0.00182857
0.139214   0.17247   -0.166141
0.329748   0.342894   -0.164428
0.17164   0.324005   -0.00427862
0.326835   0.170923   -0.0191764
0.493942   0.494371   0.144574
-0.370945   -0.317532   0.180137
0.465878   -0.333528   0.341619
-0.35034   0.492818   0.327606
-0.185548   0.491236   0.141839
-0.00647425   -0.33966   0.172927
-0.168057   -0.343701   0.336879
-0.00941419   0.479008   0.311413
0.140944   0.494947   0.145136
0.32422   -0.352673   0.157899
0.174518   -0.340774   0.335186
0.324419   0.482101   0.316789
0.462189   -0.175274   0.160376
-0.346399   -0.0150136   0.182321
0.49028   -0.00111774   0.338758
-0.328973   -0.163237   0.341813
-0.172013   -0.178673   0.152466
-0.0218534   -0.0177817   0.154275
-0.16911   -0.0104428   0.30526
-0.0028317   -0.164979   0.320782
0.165789   -0.180225   0.174593
0.305058   -0.017609   0.141483
0.154814   -0.0191316   0.311384
0.318028   -0.15991   0.333301
0.491527   0.135343   0.172819
-0.346639   0.332564   0.154629
0.483225   0.341234   0.33173
-0.359455   0.154527   0.332576
-0.192853   0.147141   0.163091
-0.00401273   0.328401   0.138673
-0.17074   0.317213   0.305901
-0.0163595   0.154347   0.319887
0.160914   0.160603   0.167353
0.342761   0.319685   0.145861
0.159899   0.329968   0.306922
0.315788   0.155926   0.316137
