0.478904   0.495764   0.482369
-0.328829   -0.340242   0.491407
0.490211   -0.347568   -0.366244
-0.326441   -0.499655   -0.331143
-0.185603   0.488396   0.469708
0.00195605   -0.325019   -0.488675
-0.163111   -0.344151   -0.340877
0.00680464   0.49857   -0.309166
0.129436   -0.49807   -0.498315
0.317905   -0.321704   0.496571
0.164036   -0.341662   -0.341902
0.328941   0.498352   -0.347167
0.492994   -0.167291   -0.498493
-0.337944   -0.0179703   0.487524
0.499959   0.0214927   -0.352963
-0.343048   -0.176142   -0.32762
-0.173528   -0.17333   -0.497779
-0.0154899   -0.00196579   -0.496013
-0.169885   -0.00265422   -0.337286
-0.00749377   -0.164602   -0.322831
0.175202   -0.130362   -0.490053
0.33211   0.0238539   0.496528
0.139195   0.0209888   -0.325836
0.328548   -0.177346   -0.328794
0.492758   0.179974   0.476439
-0.33742   0.316098   0.479079
0.482152   0.314719   -0.337401
-0.340483   0.168103   -0.356658
-0.174804   0.15235   0.478808
-0.0185339   0.325726   -0.493741
-0.177823   0.327772   -0.328118
-0.0165956   0.168186   -0.334598
0.138415   0.158317   0.464578
0.322348   0.32286   0.494526
0.152511   0.329926   -0.339152
0.318172   0.181614   -0.326625
0.493433   0.490202   -0.173955
-0.338239   -0.326061   -0.177987
0.492404   -0.336966   -0.00231168
-0.342504   -0.488263   -0.0184052
-0.187602   -0.488424   -0.164575
-0.0064834   -0.328655   -0.163623
-0.174121   -0.326818   -0.013624
-0.00203701   -0.483731   -0.0129582
0.169184   -0.497516   -0.157962
0.350375   -0.336115   -0.180764
0.179293   -0.33303   -0.00665867
0.320676   0.494307   0.00231019
0.482725   -0.154263   -0.156159
-0.343579   0.0039803   -0.162369
0.472349   -0.00202657   0.00290841
-0.356964   -0.16263   0.000761866
-0.171511   -0.175524   -0.185908
-0.015475   -0.030851   -0.160781
-0.173483   -0.0025694   -0.00260037
0.00563854   -0.193306   0.00197058
0.160685   -0.158436   -0.196703
0.318228   0.0118359   -0.17838
0.162542   0.026368   -0.0097518
0.309456   -0.161672   -0.0302158
0.49923   0.162848   -0.177045
-0.354594   0.321796   -0.181095
0.498343   0.318197   -0.00288668
-0.353773   0.15706   0.00043529
-0.173492   0.166673   -0.155278
0.00995994   0.352826   -0.158333
-0.174527   0.330862   -0.00108792
-0.00961838   0.148444   -0.00195593
0.139133   0.172517   -0.165989
0.329789   0.342859   -0.164477
0.171618   0.324078   -0.00441873
0.326764   0.170797   -0.019086
0.494072   0.494129   0.144553
-0.371013   -0.317688   0.180112
0.465857   -0.333478   0.341604
-0.350463   0.492907   0.327637
-0.185609   0.491261   0.142046
-0.00653693   -0.339578   0.172933
-0.16808   -0.343912   0.336812
-0.00934597   0.478927   0.311378
0.140806   0.495018   0.145122
0.324241   -0.352622   0.15786
0.174461   -0.340731   0.335082
0.324395   0.482122   0.316722
0.462342   -0.175316   0.160293
-0.34621   -0.0148764   0.182382
0.490244   -0.00117996   0.338856
-0.328807   -0.163233   0.341755
-0.172037   -0.178639   0.152292
-0.0218515   -0.0178351   0.154338
-0.16899   -0.0105208   0.305279
-0.00283047   -0.164927   0.320906
0.165569   -0.180114   0.174659
0.304987   -0.0176662   0.141506
0.154834   -0.0190163   0.311329
0.31807   -0.160074   0.333478
0.491486   0.135256   0.17278
-0.346613   0.332553   0.154661
0.483135   0.341085   0.331733
-0.359431   0.154534   0.332542
-0.192793   0.147214   0.163195
-0.00386113   0.328556   0.138725
-0.170746   0.317113   0.305769
-0.0162186   0.154409   0.319796
0.160935   0.160549   0.167434
0.34295   0.319926   0.145861
0.159971   0.329898   0.307084
0.315927   0.155842   0.316175
