0.81955
0.810134
0.803417
0.800851
0.802816
0.808346
0.815224
0.820495
0.821352
0.816247
0.80551
0.79123
0.776443
0.764104
0.756203
0.753532
0.755972
0.763049
0.774151
0.788545
0.805033
0.821919
0.837203
0.849138
0.856844
0.860432
0.860874
0.859421
0.857174
0.854662
0.851726
0.847769
0.842078
0.834292
0.824581
0.813571
0.801972
0.790351
0.779195
0.76907
0.76081
0.755515
0.754447
0.758707
0.768827
0.784144
0.802616
0.821355
0.837397
0.848416
0.853469
0.8531
0.849072
0.843681
0.839193
0.83721
0.838384
0.842435
0.848357
0.854827
0.860497
0.864153
0.865017
0.862699
0.857102
0.848433
0.837269
0.824587
0.81176
0.800421
0.792158
0.788412
0.790242
0.798002
0.811036
0.827571
0.844883
0.859843
0.869619
0.872255
0.866997
0.854248
0.835454
0.812671
0.788268
0.764436
0.742953
0.725086
0.711603
0.702845
0.698861
0.699359
0.703842
0.711818
0.723118
0.738071
0.757271
0.780977
0.808679
0.838936
0.869668
0.898317
0.922074
0.93835
0.945358
0.942479
0.930311
0.910647
0.886112
0.85981
0.83473
0.81322
0.796544
0.784886
0.77751
0.772958
0.769523
0.765777
0.761071
0.755712
0.750697
0.747272
0.746576
0.749256
0.755365
0.764426
0.775377
0.786762
0.797123
0.805629
0.812496
0.818886
0.826486
0.836659
0.849704
0.864533
0.878978
0.890692
0.897963
0.900453
0.899057
0.895307
0.89057
0.885477
0.879732
0.872421
0.862508
0.849379
0.833282
0.815625
0.798732
0.785313
0.777449
0.775813
0.779505
0.786574
0.794807
0.802436
0.808093
0.810816
0.809931
0.804996
0.796139
0.784261
0.771192
0.759642
0.752703
0.7528
0.760626
0.77468
0.791705
0.808048
0.820772
0.82821
0.830121
0.827425
0.821944
0.815785
0.810719
0.807754
0.807105
0.808516
0.811603
0.815896
0.82083
0.825538
0.828973
0.82988
0.827048
0.819744
0.808328
0.794689
0.781948
0.773145
0.76986
0.77216
0.779408
0.790736
0.80496
0.820551
0.835842
0.849186
0.859246
0.865134
0.866559
0.863879
0.858026
0.850208
0.84172
0.833436
0.825729
0.818761
0.812824
0.808523
0.806731
0.808218
0.813296
0.821741
0.832833
0.845616
0.858922
0.871242
0.880789
0.885957
0.885836
0.880551
0.871062
0.858846
0.845408
0.832069
0.819733
0.808751
0.798818
0.789283
0.779524
0.769244
0.75859
0.748052
0.738308
0.730246
0.725018
0.724007
0.728339
0.738293
0.752779
0.769555
0.785974
0.799946
0.81047
0.817674
0.822501
0.826256
0.830023
0.834328
0.838931
0.843016
0.84557
0.845768
0.843366
0.838649
0.832458
0.825996
0.820475
0.816802
0.815445
0.816456
0.81952
0.823761
0.827787
0.830124
0.829754
0.826612
0.821765
0.817133
0.81456
0.814769
0.816685
0.818169
0.817505
0.814474
0.810318
0.806979
0.806217
0.808803
0.814288
0.821156
0.827559
0.831971
0.833719
0.833119
0.831214
0.829301
0.828327
0.828429
0.82887
0.828489
0.826366
0.822412
0.817647
0.813867
0.812929
0.815899
0.822622
0.831758
0.841146
0.848444
0.851718
0.849747
0.842144
0.829361
0.812709
0.794378
0.777155
0.763831
0.756659
0.756705
0.76369
0.77609
0.791466
0.80711
0.820863
0.831541
0.839016
0.843676
0.845876
0.845759
0.843397
0.83921
0.834167
0.829464
0.826094
0.824304
0.823806
0.824124
0.824896
0.825899
0.826795
0.827229
0.826891
0.82581
0.824333
0.823003
0.82225
0.822228
0.822772
0.823382
0.823401
0.822057
0.818617
0.812604
0.803961
0.793333
0.782223
0.772653
0.766677
0.765855
0.770619
0.780066
0.792271
0.804914
0.816036
0.824621
0.830699
0.835199
0.839319
0.843938
0.849119
0.854011
0.857153
0.857226
0.853654
0.846952
0.838726
0.831168
0.826393
0.825665
0.828728
0.83404
0.839528
0.843524
0.845353
0.845215
0.843387
0.839399
0.832004
0.82008
0.803649
0.784543
0.766095
0.752165
0.746095
0.749619
0.762132
0.780721
0.801169
0.819295
0.832197
0.838747
0.839623
0.836839
0.833081
0.831093
0.832992
0.839763
0.850906
0.864472
0.877412
0.88642
0.888797
0.883174
0.869773
0.850349
0.827826
0.805427
0.785826
0.770521
0.75972
0.752704
0.748305
0.74557
0.74415
0.744415
0.74712
0.752813
0.761397
0.772322
0.78497
0.799042
0.814207
0.830123
0.846118
0.861236
0.87436
0.884272
0.889754
0.889755
0.883671
0.871597
0.85463
0.83482
0.814831
0.797195
0.783744
0.775262
0.771868
0.773604
0.780697
0.793069
0.809601
0.827948
0.845246
0.858887
0.867248
0.869848
0.867196
0.8605
0.851396
0.841643
0.832983
0.826689
0.823329
0.822766
0.824591
0.828468
0.833964
0.840266
0.846105
0.850257
0.852081
0.851728
0.849624
0.845839
0.840044
0.831734
0.820688
0.807289
0.792489
0.777729
0.764796
0.755719
0.752361
0.756181
0.767796
0.786479
0.809997
0.834922
0.857468
0.874297
0.883074
0.882661
0.873198
0.85596
0.833245
0.80793
0.782985
0.760927
0.743489
0.73145
0.724889
0.723431
0.72651
0.733517
0.743856
0.75702
0.772661
0.790233
0.808705
0.826294
0.840764
0.850043
0.852815
0.848859
0.839125
0.825544
0.810793
0.797877
0.789641
0.787894
0.792984
0.803605
0.817164
0.830631
0.841339
0.84764
0.849218
0.846923
0.842471
0.838094
0.836016
0.837762
0.843769
0.853195
0.864243
0.874782
0.882892
0.887392
0.887869
0.884583
0.87799
0.868584
0.856805
0.843291
0.829208
0.816146
0.805399
0.79722
0.790605
0.783988
0.776196
0.767373
0.759023
0.753285
0.751611
0.753834
0.758358
0.763403
0.768095
0.772727
0.778031
0.784273
0.790711
0.795659
0.79717
0.793974
0.786431
0.777054
0.770323
0.771232
0.782417
0.80231
0.826025
0.848141
0.864747
0.874061
0.876246
0.872823
0.865894
0.857214
0.847775
0.837581
0.826231
0.813447
0.799789
0.786775
0.776526
0.771136
0.771895
0.778868
0.790695
0.804963
0.818872
0.830033
0.837018
0.839388
0.837565
0.832544
0.825649
0.818288
0.811613
0.806415
0.802973
0.80107
0.800249
0.800177
0.800727
0.802062
0.804475
0.80808
0.812604
0.817372
0.821319
0.823377
0.822875
0.819747
0.814611
0.808597
0.80298
0.79892
0.797333
0.79853
0.802079
0.807082
0.812695
0.818373
0.823841
0.828959
0.833817
0.838591
0.843125
0.84663
0.847994
0.846373
0.841522
0.833858
0.824239
0.813758
0.803732
0.795848
0.791957
0.793435
0.800426
0.811646
0.824989
0.838316
0.850092
0.859499
0.866197
0.869986
0.870718
0.868126
0.861834
0.851578
0.837605
0.821004
0.804003
0.789747
0.781612
0.781858
0.790507
0.80519
0.822431
0.839034
0.852753
0.862112
0.866043
0.863886
0.855789
0.843087
0.82828
0.814498
0.804408
0.799413
0.799674
0.804459
0.81269
0.822977
0.833585
0.842465
0.847589
0.847312
0.840734
0.827946
0.810015
0.789006
0.76757
0.74853
0.734383
0.726869
0.726699
0.733531
0.745992
0.761984
0.779132
0.795261
0.808842
0.819252
0.826604
0.831472
0.834638
0.837055
0.83976
0.843771
0.849672
0.857146
0.864889
0.870727
0.872365
0.868179
0.857749
0.842012
0.822911
0.802864
0.784226
0.768865
0.758016
0.752402
0.752682
0.759572
0.773558
0.793811
0.817406
0.839977
0.857216
0.865985
0.86479
0.853883
0.83515
0.81187
0.787959
0.767171
0.75253
0.745933
0.748121
0.75874
0.77671
0.800248
0.827001
0.854078
0.878369
0.897052
0.908006
0.910068
0.903119
0.887937
0.86603
0.839508
0.81102
0.78369
0.760771
0.745073
0.738596
0.741926
0.754085
0.772758
0.794701
0.816447
0.834927
0.847806
0.853749
0.852467
0.844704
0.831958
0.816164
0.799281
0.78313
0.769206
0.758719
0.752595
0.751391
0.755272
0.763968
0.776861
0.793157
0.811826
0.831555
0.850732
0.867474
0.879976
0.886994
0.888217
0.884466
0.877136
0.867574
0.856877
0.845917
0.835349
0.82545
0.816139
0.807287
0.799208
0.793023
0.790369
0.792427
0.798739
0.806954
0.813727
0.816435
0.814003
0.806966
0.797013
0.786412
0.777583
0.772628
0.77299
0.779324
0.791349
0.807846
0.826916
0.846315
0.863789
0.877437
0.885929
0.888501
0.884939
0.875509
0.860822
0.842014
0.820732
0.798917
0.778531
0.761157
0.747754
0.73867
0.733901
0.733331
0.736976
0.744828
0.75679
0.772423
0.790959
0.811295
0.832193
0.852383
0.870584
0.88549
0.895914
0.900997
0.900571
0.895315
0.886669
0.876425
0.866266
0.857186
0.849115
0.841086
0.831948
0.821218
0.809584
0.798651
0.79025
0.785497
0.784283
0.785369
0.786864
0.786975
0.784543
0.779343
0.771883
0.763286
0.754922
0.748142
0.744088
0.743629
0.747239
0.754958
0.766472
0.781312
0.798904
0.818254
0.837445
0.853754
0.864444
0.867939
0.864251
0.854668
0.841213
0.826222
0.812146
0.801367
0.795959
0.797358
0.806203
0.822101
0.843671
0.868624
0.893969
0.916548
0.933509
0.94268
0.94283
0.933701
0.915913
0.891086
0.86206
0.832766
0.807242
0.788009
0.774915
0.765707
0.757839
0.749957
0.742186
0.735754
0.732154
0.732476
0.736944
0.74495
0.755534
0.767891
0.781384
0.795372
0.808989
0.821065
0.83023
0.835203
0.835227
0.830272
0.821269
0.809882
0.798261
0.788513
0.782385
0.780779
0.783586
0.789629
0.797049
0.803975
0.809149
0.81207
0.812986
0.812785
0.812852
0.814648
0.819048
0.825898
0.833916
0.841048
0.845403
0.845946
0.842793
0.837023
0.830214
0.823817
0.8189
0.815922
0.814854
0.815442
0.817309
0.820047
0.823294
0.826645
0.829563
0.831333
0.831293
0.829238
0.82583
0.822475
0.820477
0.820154
0.82073
0.82093
0.819738
0.816744
0.812225
0.806904
0.801666
0.797234
0.793924
0.791655
0.790268
0.789817
0.790674
0.793122
0.796877
0.800877
0.803414
0.802778
0.797924
0.789116
0.778151
0.767832
0.760845
0.758953
0.763017
0.773322
0.789579
0.8105
0.833705
0.856313
0.875618
0.889679
0.897475
0.898811
0.89423
0.884643
0.871151
0.854918
0.837154
0.819179
0.802355
