-7.14929
-7.14562
-7.14268
-7.14241
-7.14431
-7.14993
-7.15605
-7.16571
-7.17534
-7.18593
-7.19657
-7.20686
-7.21758
-7.22407
-7.23204
-7.23649
-7.23945
-7.2446
-7.24461
-7.24262
-7.23901
-7.23284
-7.22681
-7.21992
-7.21377
-7.20667
-7.19996
-7.19478
-7.19041
-7.18861
-7.1868
-7.18659
-7.18414
-7.18323
-7.18195
-7.18027
-7.179
-7.17835
-7.18003
-7.18775
-7.1941
-7.20225
-7.20862
-7.21277
-7.21637
-7.21751
-7.21418
-7.21164
-7.20514
-7.19757
-7.19013
-7.18427
-7.1769
-7.17104
-7.16523
-7.15684
-7.14967
-7.14341
-7.13619
-7.13421
-7.13264
-7.13613
-7.14111
-7.15163
-7.16383
-7.18003
-7.19596
-7.21285
-7.2292
-7.24338
-7.25422
-7.26534
-7.27396
-7.27933
-7.281
-7.28064
-7.27606
-7.26976
-7.26234
-7.25157
-7.23812
-7.22677
-7.21289
-7.20058
-7.18271
-7.16755
-7.15249
-7.13891
-7.12972
-7.12348
-7.12077
-7.12058
-7.12301
-7.12606
-7.12999
-7.13771
-7.14341
-7.15135
-7.16
-7.16914
-7.17813
-7.18609
-7.19795
-7.20769
-7.21595
-7.22311
-7.23185
-7.24001
-7.24792
-7.25352
-7.26038
-7.26843
-7.27172
-7.27434
-7.2721
-7.26826
-7.2633
-7.25559
-7.24314
-7.22915
-7.21407
-7.19783
-7.18455
-7.17364
-7.16367
-7.15601
-7.15132
-7.1484
-7.14781
-7.15175
-7.15982
-7.16867
-7.18054
-7.19023
-7.19936
-7.2091
-7.21527
-7.21843
-7.21748
-7.2148
-7.20945
-7.20166
-7.19413
-7.18475
-7.17686
-7.16815
-7.16361
-7.161
-7.15901
-7.16042
-7.16692
-7.17257
-7.1809
-7.19287
-7.20317
-7.21462
-7.22362
-7.23004
-7.23758
-7.24305
-7.24778
-7.24895
-7.25267
-7.25296
-7.25149
-7.24572
-7.23941
-7.23242
-7.22382
-7.21263
-7.20126
-7.18908
-7.18151
-7.17143
-7.16474
-7.15996
-7.16041
-7.15811
-7.15543
-7.1492
-7.14678
-7.14593
-7.14744
-7.15229
-7.15837
-7.16546
-7.17461
-7.18498
-7.19492
-7.20626
-7.21262
-7.21573
-7.21554
-7.21352
-7.21279
-7.2085
-7.20222
-7.19809
-7.19704
-7.1961
-7.19317
-7.19189
-7.19302
-7.19314
-7.19508
-7.19692
-7.19745
-7.19801
-7.20024
-7.20311
-7.20576
-7.20552
-7.20995
-7.2104
-7.20707
-7.20161
-7.19382
-7.18492
-7.179
-7.17199
-7.16624
-7.16223
-7.16199
-7.16388
-7.16901
-7.17461
-7.18157
-7.19082
-7.19609
-7.19991
-7.20078
-7.20215
-7.20185
-7.20064
-7.20196
-7.2054
-7.20873
-7.20981
-7.21284
-7.21769
-7.22251
-7.22411
-7.22607
-7.22488
-7.22245
-7.21617
-7.208
-7.19811
-7.19113
-7.18319
-7.17681
-7.17324
-7.1745
-7.17783
-7.18547
-7.1905
-7.19943
-7.20678
-7.21349
-7.21617
-7.21771
-7.21231
-7.20684
-7.198
-7.18784
-7.18061
-7.1698
-7.15956
-7.15149
-7.14758
-7.14472
-7.14584
-7.14782
-7.15494
-7.16686
-7.18057
-7.19703
-7.21306
-7.22772
-7.24071
-7.251
-7.25814
-7.26072
-7.2571
-7.25219
-7.24323
-7.23096
-7.21821
-7.20742
-7.19762
-7.19173
-7.18528
-7.18217
-7.1812
-7.18284
-7.18547
-7.18692
-7.18668
-7.18539
-7.18175
-7.17715
-7.17394
-7.1686
-7.16187
-7.15635
-7.15257
-7.15211
-7.15449
-7.15656
-7.16091
-7.16521
-7.17412
-7.18344
-7.19537
-7.20675
-7.21826
-7.22755
-7.23234
-7.23923
-7.2417
-7.24195
-7.23815
-7.23359
-7.22689
-7.22187
-7.21923
-7.21344
-7.20827
-7.20426
-7.20113
-7.20031
-7.20075
-7.20029
-7.19929
-7.19526
-7.1927
-7.18641
-7.17986
-7.17362
-7.16891
-7.16224
-7.15915
-7.15711
-7.15929
-7.16592
-7.17284
-7.18161
-7.18964
-7.19436
-7.19607
-7.1974
-7.19961
-7.20162
-7.20436
-7.20939
-7.21695
-7.22515
-7.23013
-7.23477
-7.23616
-7.23581
-7.2342
-7.23245
-7.23134
-7.22522
-7.21792
-7.21268
-7.20445
-7.19706
-7.19136
-7.18905
-7.1844
-7.1795
-7.1752
-7.17352
-7.172
-7.17297
-7.17986
-7.18872
-7.20102
-7.21115
-7.22224
-7.23143
-7.24087
-7.24559
-7.24546
-7.24009
-7.2289
-7.21443
-7.19738
-7.17924
-7.15919
-7.14423
-7.13182
-7.12678
-7.12468
-7.12977
-7.13967
-7.15194
-7.16529
-7.17941
-7.18963
-7.19828
-7.19979
-7.19953
-7.19531
-7.18942
-7.18015
-7.17428
-7.1713
-7.17029
-7.17426
-7.18058
-7.18465
-7.19065
-7.19446
-7.19807
-7.19772
-7.19907
-7.19773
-7.19469
-7.19353
-7.19195
-7.19325
-7.19497
-7.19832
-7.20475
-7.20981
-7.21658
-7.22393
-7.23268
-7.241
-7.24794
-7.25537
-7.26219
-7.26449
-7.26578
-7.26668
-7.26369
-7.25822
-7.25117
-7.24331
-7.23345
-7.22162
-7.20903
-7.19603
-7.18468
-7.17309
-7.16263
-7.15171
-7.14085
-7.13019
-7.12018
-7.11271
-7.10848
-7.10456
-7.10399
-7.10466
-7.11008
-7.11967
-7.12943
-7.14369
-7.15798
-7.17327
-7.18957
-7.20398
-7.21657
-7.22644
-7.23597
-7.24248
-7.24765
-7.2498
-7.2474
-7.24064
-7.23271
-7.22111
-7.20922
-7.19829
-7.18454
-7.17172
-7.16269
-7.15255
-7.14686
-7.14619
-7.14888
-7.15669
-7.16784
-7.17915
-7.19235
-7.20381
-7.21477
-7.22019
-7.22325
-7.22516
-7.22477
-7.22161
-7.21824
-7.21361
-7.21147
-7.20872
-7.20558
-7.20651
-7.20706
-7.21053
-7.20984
-7.20741
-7.20581
-7.20668
-7.20851
-7.20728
-7.20738
-7.20761
-7.20771
-7.20919
-7.21172
-7.21351
-7.2126
-7.21068
-7.20373
-7.19707
-7.18798
-7.17831
-7.16767
-7.15973
-7.15176
-7.14637
-7.14546
-7.14438
-7.14906
-7.15439
-7.16276
-7.17182
-7.17784
-7.18703
-7.19093
-7.19277
-7.19219
-7.18759
-7.17955
-7.17163
-7.1684
-7.16797
-7.16989
-7.17563
-7.18561
-7.19747
-7.2117
-7.2248
-7.2358
-7.24606
-7.25186
-7.25713
-7.25544
-7.25157
-7.24839
-7.24249
-7.23382
-7.22605
-7.22087
-7.21194
-7.20371
-7.19594
-7.18955
-7.18457
-7.18095
-7.18036
-7.18
-7.18187
-7.18827
-7.1938
-7.19753
-7.20091
-7.20423
-7.20297
-7.19999
-7.19612
-7.1907
-7.18546
-7.17899
-7.17537
-7.16935
-7.16371
-7.16293
-7.16398
-7.16666
-7.17161
-7.17891
-7.18867
-7.19975
-7.21091
-7.22551
-7.23809
-7.24941
-7.25831
-7.26223
-7.26306
-7.2593
-7.24936
-7.23813
-7.22189
-7.20393
-7.18539
-7.16868
-7.15773
-7.15292
-7.15191
-7.15818
-7.1699
-7.18439
-7.19823
-7.21145
-7.22277
-7.23129
-7.23738
-7.23709
-7.23382
-7.22764
-7.2164
-7.20504
-7.19042
-7.17574
-7.16454
-7.15208
-7.14494
-7.14062
-7.13824
-7.14082
-7.14502
-7.15116
-7.15754
-7.16506
-7.17318
-7.17931
-7.18568
-7.19445
-7.19899
-7.20664
-7.21388
-7.21925
-7.22661
-7.23026
-7.23486
-7.23794
-7.23773
-7.23749
-7.23551
-7.229
-7.21644
-7.20492
-7.19048
-7.17701
-7.16558
-7.15786
-7.1537
-7.15188
-7.15287
-7.1579
-7.16129
-7.16756
-7.17396
-7.18073
-7.18442
-7.18496
-7.18422
-7.18367
-7.1835
-7.18668
-7.19097
-7.19759
-7.20578
-7.21423
-7.21958
-7.22511
-7.23
-7.23387
-7.2348
-7.2338
-7.23255
-7.22843
-7.22189
-7.21413
-7.20503
-7.19415
-7.18352
-7.17693
-7.17393
-7.17313
-7.17692
-7.18257
-7.18939
-7.19705
-7.20454
-7.20831
-7.20883
-7.20662
-7.20276
-7.19781
-7.19206
-7.18999
-7.18458
-7.18111
-7.18024
-7.18131
-7.18027
-7.18363
-7.19147
-7.19721
-7.20436
-7.21055
-7.21717
-7.22128
-7.22242
-7.22022
-7.21463
-7.21
-7.20529
-7.19997
-7.19488
-7.19118
-7.1886
-7.18891
-7.19051
-7.19404
-7.20108
-7.20885
-7.21553
-7.22105
-7.22647
-7.22988
-7.23155
-7.23197
-7.23046
-7.22965
-7.22775
-7.22301
-7.21854
-7.21422
-7.20688
-7.19944
-7.19153
-7.18162
-7.17548
-7.17083
-7.168
-7.1657
-7.16606
-7.16516
-7.16507
-7.16293
-7.16091
-7.16167
-7.16303
-7.16854
-7.17473
-7.18176
-7.19049
-7.19806
-7.20706
-7.21197
-7.21675
-7.22062
-7.22165
-7.21935
-7.21834
-7.21529
-7.20804
-7.20076
-7.19321
-7.18551
-7.17932
-7.17347
-7.17083
-7.17125
-7.1725
-7.17678
-7.18298
-7.19019
-7.19795
-7.20624
-7.21518
-7.22292
-7.22864
-7.22952
-7.22756
-7.22487
-7.21866
-7.21236
-7.20369
-7.19584
-7.18674
-7.18013
-7.17354
-7.1668
-7.16317
-7.1634
-7.16573
-7.16862
-7.17062
-7.16989
-7.17011
-7.17073
-7.16678
-7.16103
-7.15614
-7.15033
-7.14939
-7.15103
-7.15538
-7.16669
-7.18423
-7.20306
-7.22331
-7.24206
-7.25656
-7.26767
-7.2734
-7.27407
-7.26974
-7.26257
-7.25302
-7.2408
-7.23084
-7.22211
-7.21452
-7.20873
-7.20369
-7.20321
-7.20099
-7.20163
-7.20074
-7.20046
-7.19935
-7.19558
-7.19024
-7.1805
-7.16983
-7.15692
-7.1432
-7.13098
-7.12034
-7.11272
-7.10758
-7.10551
-7.11002
-7.1182
-7.12731
-7.14295
-7.15876
-7.17639
-7.19365
-7.21087
-7.23025
-7.24872
-7.26336
-7.2748
-7.27893
-7.28065
-7.27839
-7.27034
-7.25629
-7.23961
-7.22166
-7.203
-7.18348
-7.16556
-7.15043
-7.13979
-7.13401
-7.13375
-7.1383
-7.1518
-7.16531
-7.18054
-7.19472
-7.21021
-7.22275
-7.23194
-7.23731
-7.24157
-7.23869
-7.23495
-7.22646
-7.21588
-7.20367
-7.19346
-7.18244
-7.17401
-7.16695
-7.1615
-7.16119
-7.16149
-7.16371
-7.17054
-7.17851
-7.18875
-7.19739
-7.20713
-7.2165
-7.22395
-7.23322
-7.24291
-7.24892
-7.25226
-7.24994
-7.24286
-7.23494
-7.22385
-7.20868
-7.19272
-7.17744
-7.16189
-7.15255
-7.14426
-7.13896
-7.13731
-7.13816
-7.1429
-7.15114
-7.16318
-7.17058
-7.17823
-7.18665
-7.19307
-7.19386
-7.19185
-7.18974
-7.18794
-7.18193
-7.17522
-7.17071
-7.16864
-7.16783
-7.16901
-7.17114
-7.17884
-7.18545
-7.19423
-7.20113
-7.20765
-7.21241
-7.21763
-7.22169
-7.22487
-7.22864
-7.22873
-7.23192
-7.23546
-7.23702
-7.23868
-7.23922
-7.2373
-7.23577
-7.23079
-7.2242
-7.21516
-7.20566
-7.19529
-7.18602
-7.17594
-7.16791
-7.16084
-7.15647
-7.15393
-7.15249
-7.15517
-7.16059
-7.16776
-7.17959
-7.18746
-7.20031
-7.21187
-7.21884
-7.22344
-7.22369
-7.2214
-7.21557
-7.20881
-7.20093
-7.19463
-7.1904
-7.18448
-7.18368
-7.18439
-7.18369
-7.18351
-7.18359
-7.18433
-7.18322
-7.18037
-7.18225
-7.18469
-7.18627
-7.19223
-7.19814
-7.2093
-7.21992
-7.23029
-7.24069
-7.25001
-7.25467
-7.25282
-7.24649
-7.23724
-7.21876
-7.19975
-7.17734
-7.15609
-7.13529
-7.11939
-7.10492
-7.09641
-7.0956
-7.10258
-7.11479
-7.13297
-7.15266
-7.17602
-7.19944
-7.21913
-7.23802
-7.25065
-7.26029
-7.26591
-7.2623
-7.25748
-7.24947
-7.24024
-7.22834
-7.21302
-7.20234
-7.19143
-7.18492
-7.18099
-7.17817
-7.17763
-7.17994
-7.18376
-7.19178
-7.19714
-7.20206
-7.20723
-7.20806
-7.2056
-7.20098
-7.19412
-7.18437
-7.17453
-7.16844
-7.16224
-7.16045
-7.16188
-7.16276
-7.16842
-7.17527
-7.17889
-7.18129
-7.18293
-7.18423
-7.18491
-7.18793
-7.19132
-7.19213
-7.19348
-7.19392
-7.19467
-7.19952
-7.20603
-7.21123
-7.21793
-7.22582
-7.23277
-7.23681
-7.24253
-7.24379
-7.24378
-7.24327
-7.23725
-7.23207
-7.22366
-7.21155
-7.20246
-7.19024
-7.17969
-7.16966
-7.16066
-7.15036
-7.14749
-7.14508
-7.14725
-7.15388
-7.16298
-7.17386
-7.18899
-7.20157
-7.21458
-7.22303
-7.22716
-7.22701
-7.2219
-7.21349
-7.2026
-7.19177
-7.17724
-7.16906
-7.16043
-7.15688
-7.15908
-7.16255
-7.16915
-7.17413
-7.18409
-7.19391
-7.20071
-7.20651
-7.21141
-7.21529
-7.21712
-7.21825
-7.22011
-7.21995
-7.22243
-7.22723
-7.23021
-7.23626
-7.23995
-7.24152
-7.24149
-7.24185
-7.23585
-7.23199
-7.22709
-7.22146
-7.21512
-7.21059
-7.20438
-7.19734
-7.19082
-7.1867
-7.18412
-7.18185
-7.17989
-7.17723
-7.17265
-7.16828
-7.16402
-7.15779
-7.15162
-7.14715
-7.14434
-7.14152
-7.1418
-7.14598
-7.15497
-7.16679
-7.17916
-7.19068
-7.20341
-7.21169
-7.2143
-7.21213
-7.20644
-7.19707
-7.18488
-7.17333
-7.16771
-7.16175
-7.15983
-7.16227
-7.16951
-7.17927
-7.19023
-7.20376
-7.21739
-7.23007
-7.23775
-7.24508
-7.24726
-7.2483
-7.24779
-7.2459
-7.24189
-7.23824
-7.23158
-7.22331
-7.21578
-7.21316
-7.20861
-7.20497
-7.20304
-7.20325
-7.20623
-7.20664
-7.20876
-7.21248
-7.21721
-7.21866
-7.22069
-7.22181
-7.2205
-7.21553
-7.21155
-7.20438
-7.19737
-7.19225
-7.19056
-7.18741
-7.18576
-7.18547
-7.18667
-7.18815
-7.19027
-7.19327
-7.19608
-7.19762
-7.19775
-7.19574
-7.19353
-7.18807
-7.18192
-7.17372
-7.16454
-7.15347
-7.1439
-7.13383
-7.12471
-7.11907
-7.11792
-7.12199
-7.12629
-7.13307
-7.14256
-7.15321
-7.16309
-7.17476
-7.18593
-7.19508
-7.20469
-7.21159
-7.21808
-7.2228
-7.22531
-7.22746
-7.23163
-7.23511
-7.23425
-7.23706
-7.24041
-7.24155
-7.23897
-7.23562
-7.23148
-7.22644
-7.21973
-7.21787
-7.21587
-7.21374
-7.21194
-7.20954
-7.20845
-7.20479
-7.20052
-7.19677
-7.18806
-7.18054
-7.17406
-7.16676
-7.16038
-7.15585
-7.15219
-7.15166
-7.15336
-7.15822
-7.16259
-7.169
-7.17658
-7.18447
-7.19093
-7.19589
-7.2038
-7.21299
-7.22164
-7.22785
-7.2338
-7.23736
-7.24059
-7.24205
-7.23754
-7.2311
-7.22189
-7.21032
-7.19784
-7.18354
-7.1696
-7.15874
-7.14935
-7.14235
-7.13958
-7.13765
-7.13932
-7.14238
-7.14961
-7.16223
-7.1735
-7.18801
-7.20538
-7.22344
-7.24098
-7.2567
-7.26431
-7.26916
-7.26941
-7.26091
-7.2505
-7.23799
-7.2216
-7.20487
-7.18741
-7.17593
-7.16598
-7.15898
-7.16002
-7.16543
-7.17275
-7.18604
-7.19859
-7.21174
-7.22483
-7.23056
-7.23483
-7.23461
-7.22966
-7.22196
-7.21016
-7.19851
-7.18993
-7.18076
-7.17244
-7.16631
-7.16216
-7.16381
-7.16351
-7.16781
-7.17402
-7.18277
-7.19423
-7.20401
-7.21271
-7.21587
-7.22185
-7.22615
-7.22794
-7.22807
-7.22419
-7.21827
-7.20698
-7.19621
-7.18555
-7.17349
-7.16449
-7.15282
-7.14672
-7.1426
-7.14111
-7.14527
-7.15285
-7.16052
-7.16653
-7.17437
-7.17908
-7.18287
-7.18983
-7.20152
-7.20773
-7.21321
-7.22222
-7.22905
-7.23692
-7.24021
-7.24218
-7.24391
-7.24426
-7.2427
-7.24085
-7.23868
-7.2368
-7.2334
-7.22867
-7.22388
-7.2189
-7.21033
-7.20208
-7.19418
-7.18704
-7.18317
-7.17773
-7.17631
-7.17571
-7.17473
-7.17575
-7.18089
-7.1831
-7.1855
-7.1872
-7.18846
-7.1874
-7.18938
-7.18965
-7.19029
-7.19107
-7.18975
-7.18995
-7.19002
-7.19263
-7.19331
-7.19538
-7.19987
-7.20515
-7.21
-7.21467
-7.21951
-7.22069
-7.22067
-7.21605
-7.21284
-7.20436
-7.19743
-7.19026
-7.18396
-7.17826
-7.17745
-7.17775
-7.17906
-7.18205
-7.18761
-7.19459
-7.19909
-7.20389
-7.20816
-7.21053
-7.20885
-7.20261
-7.19595
-7.18662
-7.17766
-7.1665
-7.1603
-7.15508
-7.15327
-7.15742
-7.16529
-7.17518
-7.18581
-7.19812
-7.2127
-7.22266
-7.2343
-7.24463
-7.2543
-7.25882
-7.26241
-7.261
-7.25725
-7.25408
-7.24815
-7.23813
-7.22887
-7.21759
-7.20816
-7.19845
-7.18947
-7.18063
-7.17397
-7.17065
-7.16345
-7.15835
-7.15602
-7.15534
-7.15347
-7.15427
-7.15365
-7.15227
-7.15104
-7.15109
-7.15358
-7.15922
-7.16366
-7.17107
-7.18277
-7.19304
-7.20344
-7.21496
-7.22501
-7.2347
-7.23838
-7.24059
-7.23917
-7.23574
-7.23324
-7.23087
-7.22803
-7.22314
-7.21732
-7.20795
-7.20046
-7.19013
-7.18009
-7.16989
-7.15882
-7.15432
-7.15376
-7.15594
-7.16116
-7.17057
-7.1795
-7.18837
-7.19869
-7.20549
-7.21255
-7.21598
-7.2171
-7.2174
-7.21869
-7.22043
-7.21998
-7.221
-7.22234
-7.22246
-7.22377
-7.22543
-7.22778
-7.23366
-7.23573
-7.23753
-7.2392
-7.2428
-7.24254
-7.24087
-7.2349
-7.22804
-7.21906
-7.20858
-7.19623
-7.18395
-7.17187
-7.1592
-7.15239
-7.14884
-7.14744
-7.1463
-7.14972
-7.15619
-7.16031
-7.16801
-7.17377
-7.18006
-7.18476
-7.18848
-7.18921
-7.18857
-7.18672
-7.18533
-7.18273
-7.18183
-7.17949
-7.18329
-7.18299
-7.18285
-7.18427
-7.18586
-7.18963
-7.19056
-7.19421
-7.19656
-7.19886
-7.20389
-7.20629
-7.20664
-7.2041
-7.2014
-7.19569
-7.19035
-7.18663
-7.18051
-7.17793
-7.17537
-7.17639
-7.17793
-7.18114
-7.18674
-7.19496
-7.20297
-7.21394
-7.22723
-7.23839
-7.24973
-7.25897
-7.26394
-7.26591
-7.26331
-7.25791
-7.24712
-7.23447
-7.22254
-7.21066
-7.2003
-7.19129
-7.18704
-7.18471
-7.18474
-7.18701
-7.19091
-7.19245
-7.19927
-7.2023
-7.20496
-7.20533
-7.2056
-7.20476
-7.20253
-7.19996
-7.1935
-7.18457
-7.17972
-7.17363
-7.16396
-7.1537
-7.14513
-7.13777
-7.13327
-7.13354
-7.13599
-7.14075
-7.1493
-7.15871
-7.17216
-7.18586
-7.1945
-7.20251
-7.20568
-7.20618
-7.20514
-7.19801
-7.19224
-7.18697
-7.18245
-7.18328
-7.18539
-7.19138
-7.1948
-7.20467
-7.21234
-7.21901
-7.22596
-7.22999
-7.2344
-7.23831
-7.24059
-7.24349
-7.24313
-7.24216
-7.2384
-7.23323
-7.22859
-7.22201
-7.21521
-7.20952
-7.20056
-7.19345
-7.18971
-7.18424
-7.18177
-7.18196
-7.18377
-7.18419
-7.18857
-7.19536
-7.19929
-7.20364
-7.20429
-7.20644
-7.20596
-7.20394
-7.20068
-7.19223
-7.1833
-7.17294
-7.16265
-7.15487
-7.15119
-7.14606
-7.14628
-7.14788
-7.14893
-7.15105
-7.154
-7.15666
-7.16048
-7.16285
-7.17001
-7.17553
-7.18337
-7.19499
-7.20703
-7.21882
-7.23159
-7.24191
-7.24732
-7.25782
-7.25867
-7.25954
-7.25482
-7.24565
-7.23283
-7.22035
-7.20487
-7.19039
-7.17473
-7.16186
-7.1527
-7.14734
-7.14588
-7.14783
-7.15461
-7.16284
-7.17266
-7.18694
-7.20105
-7.21493
-7.22574
-7.23398
-7.23905
-7.24107
-7.23934
-7.23535
-7.2277
-7.21634
-7.20164
-7.18855
-7.17643
-7.16437
-7.15796
-7.15642
-7.16099
-7.16967
-7.18147
-7.19625
-7.21129
-7.22476
-7.23505
-7.24315
-7.24669
-7.24384
-7.23759
-7.22559
-7.21128
-7.19508
-7.17947
-7.16561
-7.15256
-7.14649
-7.14405
-7.14778
-7.1536
-7.16354
-7.17751
-7.19122
-7.20331
-7.21581
-7.22729
-7.2326
-7.23999
-7.24497
-7.24189
-7.23921
-7.23266
-7.22307
-7.2121
-7.19965
-7.1883
-7.17935
-7.16882
-7.16255
-7.15773
-7.15673
-7.16067
-7.16616
-7.17481
-7.18212
-7.19068
-7.1983
-7.20439
-7.2105
-7.21366
-7.21271
-7.21246
-7.21064
-7.20665
-7.20281
-7.19823
-7.19457
-7.18985
-7.18878
-7.18684
-7.18417
-7.18516
-7.18357
-7.18429
-7.18583
-7.18704
-7.19016
-7.19279
-7.19572
-7.19758
-7.20189
-7.20352
-7.20759
-7.21138
-7.21589
-7.21687
-7.21968
-7.22034
-7.2186
-7.21414
-7.20939
-7.20257
-7.19509
-7.18888
-7.18327
-7.18154
-7.1838
-7.18489
-7.1878
-7.18947
-7.18643
-7.18063
-7.17376
-7.16562
-7.15614
-7.1483
-7.13981
-7.1392
-7.1397
-7.14468
-7.15416
-7.16412
-7.17597
-7.18894
-7.20029
-7.21131
-7.21753
-7.22183
-7.22019
-7.21503
-7.20835
-7.20106
-7.19486
-7.19266
-7.19633
-7.19754
-7.20119
-7.20477
-7.20765
-7.20924
-7.20714
-7.20017
-7.19628
-7.19297
-7.19189
-7.19233
-7.19557
-7.20117
-7.20426
-7.20757
-7.20886
-7.20594
-7.20122
-7.19209
-7.18418
-7.17561
-7.17137
-7.1708
-7.17413
-7.18
-7.18766
-7.19658
-7.20794
-7.21985
-7.23026
-7.23835
-7.24522
-7.25131
-7.25395
-7.25679
-7.25687
-7.25273
-7.24598
-7.23829
-7.23045
-7.22252
-7.21385
-7.20422
-7.19508
-7.18659
-7.17939
-7.17566
-7.17513
-7.17596
-7.1808
-7.1867
-7.19268
-7.19783
-7.20106
-7.20487
-7.20374
-7.20044
-7.19516
-7.18831
-7.18037
-7.17246
-7.16602
-7.16213
-7.16069
-7.16207
-7.16511
-7.16978
-7.17303
-7.17746
-7.18035
-7.18085
-7.18145
-7.18041
-7.18051
-7.18222
-7.18561
-7.18835
-7.19082
-7.19531
-7.19905
-7.20106
-7.20054
-7.20092
-7.20061
-7.19782
-7.19543
-7.19004
-7.18276
-7.17801
-7.17658
-7.17476
-7.17484
-7.17744
-7.18133
-7.19025
-7.20086
-7.2142
-7.22531
-7.2337
-7.24314
-7.24999
-7.25348
-7.25511
-7.25409
-7.25061
-7.24898
-7.24555
-7.24153
-7.23784
-7.2333
-7.22884
-7.22436
-7.21738
-7.21028
-7.20492
-7.20184
-7.19733
-7.19403
-7.18953
-7.18392
-7.17677
-7.16862
-7.15965
-7.1546
-7.14966
-7.15103
-7.15347
-7.15778
-7.16221
-7.16812
-7.17042
-7.17365
-7.1738
-7.17302
-7.16828
-7.16283
-7.1598
-7.15397
-7.14932
-7.14437
-7.14274
-7.14492
