-5.42064
-5.41959
-5.41691
-5.41773
-5.41258
-5.41324
-5.41162
-5.41186
-5.41213
-5.41315
-5.4147
-5.41597
-5.4172
-5.4181
-5.41805
-5.41744
-5.41796
-5.41678
-5.41656
-5.41608
-5.41566
-5.41628
-5.41495
-5.41493
-5.41531
-5.41523
-5.41284
-5.41401
-5.41418
-5.41353
-5.41577
-5.41841
-5.41869
-5.41816
-5.41687
-5.41662
-5.4173
-5.41721
-5.41746
-5.41839
-5.42058
-5.42035
-5.4195
-5.41956
-5.41881
-5.42079
-5.4184
-5.4172
-5.41468
-5.4161
-5.41568
-5.41511
-5.41471
-5.41611
-5.41698
-5.41686
-5.4179
-5.41708
-5.41956
-5.41959
-5.41891
-5.41828
-5.41875
-5.41812
-5.4154
-5.41731
-5.41726
-5.41797
-5.42067
-5.42116
-5.41954
-5.41855
-5.41862
-5.42044
-5.41878
-5.41716
-5.41587
-5.41687
-5.41503
-5.41371
-5.41468
-5.41705
-5.41527
-5.41822
-5.42014
-5.42014
-5.4197
-5.41913
-5.41723
-5.41737
-5.41614
-5.41592
-5.41513
-5.41474
-5.41344
-5.41214
-5.4131
-5.41404
-5.41372
-5.41349
-5.41478
-5.41732
-5.41689
-5.41596
-5.4166
-5.41633
-5.41565
-5.41484
-5.41401
-5.41406
-5.41206
-5.415
-5.41486
-5.41542
-5.41715
-5.41762
-5.41705
-5.41932
-5.41793
-5.41995
-5.41885
-5.42004
-5.42093
-5.41969
-5.41903
-5.41978
-5.4207
-5.41922
-5.41981
-5.42042
-5.42096
-5.42172
-5.42077
-5.41884
-5.41762
-5.4191
-5.42004
-5.41748
-5.41533
-5.41457
-5.41591
-5.4171
-5.41783
-5.4174
-5.41632
-5.41664
-5.41754
-5.41798
-5.41703
-5.41454
-5.41333
-5.41264
-5.4126
-5.41388
-5.41514
-5.41624
-5.41769
-5.41999
-5.4192
-5.41723
-5.41894
-5.41856
-5.41551
-5.41372
-5.41421
-5.41282
-5.41154
-5.41271
-5.41347
-5.41383
-5.41376
-5.41584
-5.41575
-5.41532
-5.41535
-5.41534
-5.41488
-5.41428
-5.41461
-5.41441
-5.41647
-5.41512
-5.41437
-5.41461
-5.41423
-5.41189
-5.41203
-5.41265
-5.41302
-5.41341
-5.41444
-5.4154
-5.4166
-5.41742
-5.41826
-5.41788
-5.41888
-5.42019
-5.41939
-5.42092
-5.42144
-5.4209
-5.42123
-5.42123
-5.41911
-5.42024
-5.41832
-5.41642
-5.41529
-5.41755
-5.41536
-5.41602
-5.41647
-5.4133
-5.41286
-5.41088
-5.41027
-5.4095
-5.41
-5.41386
-5.41401
-5.4137
-5.41288
-5.41308
-5.4139
-5.41589
-5.41476
-5.4147
-5.41381
-5.41352
-5.41432
-5.41471
-5.41663
-5.42032
-5.42005
-5.42145
-5.42152
-5.42321
-5.42183
-5.42083
-5.41746
-5.41658
-5.41618
-5.41612
-5.41564
-5.41661
-5.41745
-5.41502
-5.41433
-5.41621
-5.41752
-5.42051
-5.42047
-5.42104
-5.42169
-5.42234
-5.42171
-5.4202
-5.41949
-5.41964
-5.41776
-5.4152
-5.41369
-5.41337
-5.41307
-5.41322
-5.4135
-5.41272
-5.41575
-5.41645
-5.41789
-5.4159
-5.41518
-5.41726
-5.41745
-5.41527
-5.41599
-5.41541
-5.41567
-5.41473
-5.41474
-5.41501
-5.41491
-5.41634
-5.41508
-5.41561
-5.41726
-5.4184
-5.41647
-5.4132
-5.41302
-5.41487
-5.41301
-5.41474
-5.41626
-5.41769
-5.4174
-5.41825
-5.41921
-5.41831
-5.41522
-5.41318
-5.41261
-5.41194
-5.4142
-5.41236
-5.41424
-5.4147
-5.41728
-5.41638
-5.41615
-5.41531
-5.41324
-5.41323
-5.414
-5.4168
-5.41604
-5.41681
-5.41973
-5.4186
-5.42342
-5.42183
-5.41869
-5.41923
-5.41744
-5.41673
-5.41589
-5.41561
-5.41392
-5.41338
-5.41163
-5.4102
-5.41064
-5.41096
-5.40992
-5.4092
-5.4095
-5.40989
-5.41202
-5.41106
-5.41354
-5.41817
-5.4174
-5.41884
-5.4213
-5.42272
-5.42182
-5.42232
-5.42113
-5.4207
-5.4211
-5.41974
-5.42013
-5.4215
-5.41987
-5.42003
-5.41908
-5.42096
-5.41831
-5.41705
-5.41918
-5.42054
-5.42044
-5.42012
-5.42081
-5.41921
-5.41655
-5.41662
-5.41711
-5.41449
-5.41502
-5.41499
-5.41391
-5.41507
-5.41613
-5.41456
-5.4153
-5.41345
-5.41404
-5.41375
-5.41374
-5.41273
-5.41288
-5.41273
-5.41274
-5.41344
-5.41517
-5.41609
-5.41796
-5.418
-5.41921
-5.41898
-5.41818
-5.41895
-5.4202
-5.42194
-5.42132
-5.42175
-5.42208
-5.42045
-5.42229
-5.42418
-5.42434
-5.4213
-5.42114
-5.42065
-5.41993
-5.41682
-5.41664
-5.41595
-5.41812
-5.41841
-5.41558
-5.41572
-5.41676
-5.41462
-5.41556
-5.41651
-5.41738
-5.41787
-5.41714
-5.416
-5.41554
-5.41419
-5.41577
-5.4164
-5.41544
-5.41652
-5.41617
-5.41729
-5.41623
-5.41678
-5.41887
-5.42026
-5.41869
-5.41675
-5.41962
-5.41985
-5.42167
-5.41964
-5.41961
-5.41774
-5.41719
-5.41795
-5.41541
-5.41569
-5.41651
-5.4143
-5.41361
-5.41386
-5.41188
-5.41363
-5.41436
-5.41638
-5.41577
-5.41758
-5.41935
-5.42056
-5.42144
-5.42294
-5.42098
-5.41993
-5.41929
-5.4198
-5.41918
-5.41832
-5.41965
-5.41884
-5.41878
-5.41825
-5.41772
-5.41639
-5.41568
-5.415
-5.4162
-5.41811
-5.41761
-5.4181
-5.41635
-5.41799
-5.41767
-5.41806
-5.41811
-5.41543
-5.4161
-5.41344
-5.41319
-5.41498
-5.41604
-5.41475
-5.4171
-5.42017
-5.42133
-5.42256
-5.42053
-5.42185
-5.4206
-5.41999
-5.41766
-5.41894
-5.42097
-5.42013
-5.42018
-5.41929
-5.41788
-5.41899
-5.41894
-5.41746
-5.41469
-5.41185
-5.41209
-5.41205
-5.41121
-5.41471
-5.41334
-5.41338
-5.41564
-5.41708
-5.41804
-5.41856
-5.41781
-5.41877
-5.42016
-5.42094
-5.42263
-5.42163
-5.42154
-5.42172
-5.42316
-5.42257
-5.42187
-5.42197
-5.42125
-5.41937
-5.41602
-5.41514
-5.41421
-5.41435
-5.41247
-5.41225
-5.41309
-5.41427
-5.41239
-5.4151
-5.41845
-5.41956
-5.4194
-5.42176
-5.42124
-5.4242
-5.42381
-5.4244
-5.42127
-5.42205
-5.41972
-5.42022
-5.42
-5.42069
-5.42098
-5.42011
-5.41958
-5.41964
-5.41899
-5.41798
-5.41817
-5.41884
-5.4206
-5.41898
-5.42057
-5.42061
-5.41939
-5.41653
-5.41586
-5.4161
-5.41506
-5.41477
-5.41467
-5.41222
-5.4133
-5.41404
-5.41406
-5.41684
-5.41734
-5.41922
-5.42098
-5.42088
-5.4212
-5.41916
-5.41653
-5.41546
-5.41548
-5.41318
-5.41226
-5.41438
-5.41369
-5.41429
-5.41669
-5.41719
-5.41637
-5.41677
-5.41837
-5.41923
-5.41969
-5.4217
-5.4243
-5.42226
-5.42
-5.41872
-5.41839
-5.41878
-5.41711
-5.4155
-5.41477
-5.41472
-5.41544
-5.41693
-5.41846
-5.41788
-5.41884
-5.42078
-5.41967
-5.42137
-5.42208
-5.42007
-5.4194
-5.41927
-5.41782
-5.41544
-5.41722
-5.41949
-5.41847
-5.41982
-5.41795
-5.41738
-5.41949
-5.41889
-5.41733
-5.41583
-5.41635
-5.41596
-5.41338
-5.41384
-5.41583
-5.4161
-5.4165
-5.4178
-5.41597
-5.4152
-5.41629
-5.41591
-5.41745
-5.41735
-5.41507
-5.41587
-5.41703
-5.41668
-5.41695
-5.41862
-5.4178
-5.41758
-5.41749
-5.4158
-5.41613
-5.41637
-5.41684
-5.41527
-5.41642
-5.41756
-5.42037
-5.42165
-5.42047
-5.42018
-5.41851
-5.41771
-5.41706
-5.41543
-5.41376
-5.41296
-5.41384
-5.41531
-5.4151
-5.41685
-5.4152
-5.41514
-5.41347
-5.41207
-5.41206
-5.41486
-5.41767
-5.41684
-5.41722
-5.4186
-5.41889
-5.41821
-5.41766
-5.41695
-5.41776
-5.41585
-5.41603
-5.41758
-5.41784
-5.41706
-5.4159
-5.41438
-5.41512
-5.41559
-5.41739
-5.42015
-5.41991
-5.41987
-5.41933
-5.41704
-5.41631
-5.41627
-5.41573
-5.41538
-5.41456
-5.41585
-5.41821
-5.41991
-5.42051
-5.42098
-5.41908
-5.41873
-5.41933
-5.42252
-5.42282
-5.42281
-5.42046
-5.41795
-5.42079
-5.41868
-5.41789
-5.41721
-5.41636
-5.416
-5.41717
-5.41764
-5.41935
-5.41696
-5.41804
-5.41916
-5.42092
-5.42077
-5.41948
-5.42362
-5.42126
-5.42113
-5.41904
-5.41851
-5.41825
-5.41733
-5.41489
-5.41368
-5.41322
-5.41424
-5.41603
-5.41638
-5.41782
-5.41942
-5.4205
-5.4202
-5.41801
-5.41596
-5.41703
-5.41772
-5.41949
-5.41736
-5.41827
-5.41737
-5.41742
-5.41758
-5.41865
-5.41698
-5.41707
-5.41725
-5.41551
-5.41637
-5.41566
-5.41702
-5.41509
-5.41228
-5.411
-5.40978
-5.4093
-5.40923
-5.41013
-5.41283
-5.41555
-5.41618
-5.41719
-5.41753
-5.41687
-5.41592
-5.41676
-5.41758
-5.41651
-5.41684
-5.41536
-5.41631
-5.41806
-5.41605
-5.41828
-5.42102
-5.42155
-5.42236
-5.4206
-5.42031
-5.42136
-5.41876
-5.41845
-5.41819
-5.41565
-5.41593
-5.41603
-5.41461
-5.41684
-5.41789
-5.41861
-5.41936
-5.42114
-5.42062
-5.4192
-5.42003
-5.41948
-5.4175
-5.41495
-5.41231
-5.41189
-5.41231
-5.41504
-5.41568
-5.41537
-5.41527
-5.41721
-5.4169
-5.41813
-5.4176
-5.41759
-5.41849
-5.41559
-5.41682
-5.41486
-5.41438
-5.4132
-5.41239
-5.41202
-5.41376
-5.41531
-5.41561
-5.41644
-5.41819
-5.41935
-5.42105
-5.42028
-5.41967
-5.41928
-5.41831
-5.4156
-5.41973
-5.41919
-5.41989
-5.41701
-5.41635
-5.41368
-5.41282
-5.41083
-5.41154
-5.41328
-5.41403
-5.41406
-5.41624
-5.41797
-5.41823
-5.41794
-5.419
-5.41848
-5.41805
-5.41685
-5.41473
-5.41571
-5.41496
-5.41473
-5.41301
-5.41368
-5.41442
-5.41614
-5.41589
-5.41596
-5.41583
-5.41527
-5.41528
-5.41536
-5.41584
-5.41748
-5.41637
-5.41563
-5.41357
-5.41494
-5.41565
-5.41478
-5.4149
-5.41627
-5.41714
-5.41901
-5.42173
-5.42096
-5.42246
-5.42297
-5.42251
-5.42149
-5.42194
-5.42037
-5.41817
-5.41733
-5.415
-5.41386
-5.413
-5.41146
-5.41311
-5.41431
-5.413
-5.41171
-5.41267
-5.4133
-5.41458
-5.41586
-5.41547
-5.41694
-5.41762
-5.41909
-5.41842
-5.41853
-5.41974
-5.41947
-5.42001
-5.41885
-5.4187
-5.4197
-5.41804
-5.41892
-5.41839
-5.41793
-5.41802
-5.41825
-5.41575
-5.41327
-5.41422
-5.41384
-5.41401
-5.41361
-5.41244
-5.41329
-5.41351
-5.41352
-5.41147
-5.41011
-5.4105
-5.41109
-5.41253
-5.41222
-5.41336
-5.41589
-5.41845
-5.41969
-5.42055
-5.42165
-5.42039
-5.42149
-5.42126
-5.42253
-5.41893
-5.41619
-5.4152
-5.41479
-5.41439
-5.41631
-5.41502
-5.41505
-5.41631
-5.41611
-5.41852
-5.42014
-5.42147
-5.41948
-5.42122
-5.41894
-5.41919
-5.4179
-5.41553
-5.41223
-5.41168
-5.4118
-5.41115
-5.41048
-5.41099
-5.41199
-5.41373
-5.41214
-5.41382
-5.41249
-5.41486
-5.41421
-5.41604
-5.41699
-5.41823
-5.41642
-5.41673
-5.41824
-5.41804
-5.4174
-5.41726
-5.41692
-5.41637
-5.41598
-5.41587
-5.41679
-5.41695
-5.41741
-5.41918
-5.41897
-5.41993
-5.41998
-5.42057
-5.42092
-5.41999
-5.41688
-5.41688
-5.41687
-5.41663
-5.41624
-5.41738
-5.42
-5.4204
-5.42037
-5.41812
-5.41879
-5.41858
-5.41864
-5.4188
-5.41691
-5.41397
-5.4151
-5.41505
-5.41535
-5.41627
-5.41714
-5.41535
-5.41512
-5.41679
-5.41774
-5.41859
-5.41803
-5.41805
-5.41681
-5.41509
-5.41554
-5.41516
-5.41374
-5.4141
-5.41427
-5.41304
-5.41278
-5.41357
-5.4132
-5.4136
-5.41246
-5.41295
-5.41536
-5.41646
-5.41598
-5.41589
-5.41742
-5.41463
-5.41421
-5.41612
-5.41521
-5.41423
-5.41407
-5.41461
-5.41462
-5.41368
-5.4155
-5.41675
-5.41541
-5.41688
-5.42064
-5.42075
-5.42238
-5.42234
-5.42243
-5.42177
-5.42019
-5.41775
-5.41676
-5.41627
-5.41628
-5.41421
-5.41494
-5.41393
-5.41571
-5.41411
-5.41524
-5.41641
-5.41783
-5.41841
-5.41776
-5.41718
-5.41674
-5.41747
-5.41684
-5.41552
-5.41449
-5.41438
-5.41422
-5.41527
-5.41563
-5.41567
-5.41453
-5.41299
-5.41181
-5.41193
-5.41065
-5.41132
-5.41148
-5.413
-5.41297
-5.41444
-5.41561
-5.41402
-5.41521
-5.41684
-5.41939
-5.41913
-5.41597
-5.41644
-5.41618
-5.41502
-5.41469
-5.4153
-5.41525
-5.41614
-5.41757
-5.41522
-5.41613
-5.4157
-5.41513
-5.41463
-5.41633
-5.41632
-5.41465
-5.41405
-5.41441
-5.41457
-5.41692
-5.41696
-5.41785
-5.41823
-5.42022
-5.41825
-5.41969
-5.42037
-5.41806
-5.41775
-5.41989
-5.42032
-5.42
-5.41753
-5.41665
-5.41765
-5.41729
-5.41918
-5.42008
-5.41737
-5.41746
-5.41615
-5.41602
-5.41422
-5.41429
-5.41495
-5.41654
-5.41491
-5.41467
-5.41526
-5.41511
-5.41421
-5.41833
-5.41629
-5.4154
-5.41586
-5.41347
-5.41315
-5.41597
-5.41523
-5.41616
-5.4149
-5.41468
-5.41578
-5.41497
-5.41616
-5.41651
-5.41545
-5.41661
-5.41934
-5.42066
-5.42074
-5.42092
-5.42197
-5.42186
-5.42174
-5.42046
-5.4201
-5.41941
-5.41902
-5.42092
-5.42064
-5.41828
-5.41714
-5.41983
-5.42049
-5.41932
-5.41875
-5.41863
-5.41983
-5.4188
-5.41919
-5.41862
-5.41828
-5.41832
-5.41815
-5.41859
-5.4175
-5.41597
-5.41579
-5.41688
-5.41505
-5.41429
-5.41349
-5.41349
-5.41383
-5.41581
-5.4196
-5.42041
-5.41968
-5.41967
-5.41797
-5.41801
-5.41918
-5.42038
-5.42212
-5.42109
-5.42285
-5.42195
-5.42162
-5.4198
-5.41902
-5.41864
-5.41947
-5.41617
-5.41508
-5.41474
-5.41436
-5.41688
-5.41767
-5.41867
-5.42085
-5.42004
-5.41966
-5.42133
-5.41861
-5.41873
-5.41796
-5.41714
-5.41618
-5.4153
-5.41526
-5.4164
-5.41627
-5.41625
-5.41831
-5.42034
-5.42133
-5.42005
-5.41925
-5.41842
-5.41736
-5.41517
-5.41676
-5.41691
-5.41617
-5.41768
-5.41682
-5.41935
-5.41814
-5.41711
-5.41345
-5.41175
-5.41144
-5.4109
-5.41111
-5.40984
-5.41171
-5.4145
-5.41629
-5.41663
-5.41858
-5.41807
-5.41662
-5.41679
-5.41631
-5.41812
-5.41802
-5.419
-5.41824
-5.41785
-5.41604
-5.41525
-5.41525
-5.41606
-5.41469
-5.41645
-5.41752
-5.418
-5.41646
-5.41614
-5.41713
-5.41956
-5.41573
-5.41543
-5.41645
-5.41759
-5.4167
-5.41843
-5.41823
-5.41828
-5.41643
-5.41794
-5.42
-5.42061
-5.42376
-5.42452
-5.42218
-5.42406
-5.42405
-5.42311
-5.42339
-5.42184
-5.42189
-5.4228
-5.42189
-5.422
-5.42082
-5.42061
-5.41883
-5.41879
-5.4187
-5.41711
-5.41394
-5.41196
-5.41091
-5.41229
-5.41327
-5.41385
-5.41479
-5.41628
-5.41535
-5.41821
-5.41759
-5.41623
-5.41592
-5.41478
-5.41381
-5.41178
-5.41033
-5.41073
-5.41097
-5.41451
-5.41475
-5.41417
-5.41329
-5.4156
-5.41822
-5.4193
-5.41741
-5.41724
-5.41572
-5.41391
-5.41445
-5.41373
-5.41615
-5.41704
-5.41786
-5.41849
-5.42013
-5.42241
-5.42241
-5.4215
-5.41924
-5.42039
-5.4196
-5.42196
-5.42078
-5.41975
-5.41914
-5.41812
-5.41456
-5.41536
-5.41604
-5.41524
-5.41481
-5.41659
-5.41793
-5.41754
-5.41809
-5.41938
-5.41797
-5.41684
-5.41565
-5.41721
-5.41551
-5.4168
-5.41705
-5.4165
-5.41616
-5.4161
-5.41514
-5.41244
-5.41267
-5.41119
-5.41175
-5.41131
-5.41286
-5.41502
-5.41524
-5.4154
-5.41655
-5.41665
-5.41674
-5.41884
-5.4201
-5.42056
-5.41958
-5.41949
-5.41934
-5.41919
-5.41904
-5.41863
-5.41894
-5.41902
-5.41757
-5.41522
-5.41455
-5.41326
-5.41398
-5.41186
-5.41242
-5.41181
-5.41325
-5.41474
-5.41749
-5.41778
-5.41907
-5.41843
-5.4175
-5.4158
-5.4132
-5.41182
-5.41209
-5.41268
-5.41544
-5.41442
-5.41598
-5.41749
-5.41763
-5.41964
-5.42218
-5.42135
-5.42328
-5.42214
-5.42083
-5.41873
-5.41844
-5.41735
-5.41452
-5.41678
-5.41517
-5.41597
-5.41511
-5.41458
-5.41441
-5.4142
-5.41288
-5.41487
-5.41395
-5.41689
-5.41531
-5.41602
-5.41671
-5.41535
-5.41774
-5.41671
-5.41774
-5.41886
-5.41584
-5.41491
-5.41561
-5.41716
-5.41747
-5.41911
-5.41805
-5.42217
-5.42123
-5.42157
-5.41702
-5.41702
-5.41617
-5.4143
-5.41446
-5.41387
-5.41325
-5.41426
-5.41746
-5.41527
-5.41533
-5.41527
-5.41833
-5.4171
-5.41681
-5.41621
-5.41696
-5.41552
-5.41447
-5.41606
-5.41472
-5.4169
-5.41545
-5.41491
-5.41336
-5.4125
-5.41335
-5.41201
-5.41458
-5.41484
-5.41818
-5.41866
-5.42078
-5.41906
-5.41786
-5.41797
-5.41761
-5.41882
-5.41938
-5.41962
-5.41792
-5.4187
-5.42048
-5.4211
-5.41877
-5.41761
-5.41765
-5.4152
-5.4144
-5.41453
-5.41379
-5.41251
-5.41371
-5.41484
-5.41641
-5.41654
-5.41435
-5.41506
-5.41474
-5.41491
-5.41264
-5.41319
-5.41245
-5.41277
-5.41547
-5.41342
-5.41218
-5.41216
-5.41217
-5.41351
-5.41763
-5.42008
-5.42061
-5.4187
-5.41627
-5.41632
-5.41545
-5.41351
-5.41262
-5.4123
-5.41426
-5.41268
-5.41332
-5.41312
-5.41491
-5.4157
-5.41606
-5.41687
-5.41696
-5.41724
-5.41812
-5.41695
-5.41691
-5.41565
-5.41554
-5.41528
-5.41572
-5.41737
-5.41715
-5.41752
-5.41712
-5.41781
-5.41953
-5.42026
-5.42032
-5.42039
-5.41925
-5.41731
-5.41628
-5.41723
-5.41702
-5.41707
-5.41821
-5.417
-5.41699
-5.41826
-5.41751
-5.41961
-5.41896
-5.41562
-5.41487
-5.41485
-5.41403
-5.4141
-5.4129
-5.40957
-5.40908
-5.41058
-5.40993
-5.41103
-5.41122
-5.41321
-5.41418
-5.41487
-5.41713
-5.41611
-5.41898
-5.41704
-5.41616
-5.4151
-5.41499
-5.41637
-5.41718
-5.41912
-5.42045
-5.42052
-5.42353
-5.42184
-5.42291
-5.42106
-5.42031
-5.41822
-5.41657
-5.41645
-5.41497
-5.41566
-5.41527
-5.41226
-5.41349
-5.41407
-5.41615
-5.41645
-5.41462
-5.41734
-5.41881
-5.41906
-5.41925
-5.41883
-5.41894
-5.41784
-5.41865
-5.41667
-5.41597
-5.41829
-5.41628
-5.41542
-5.41589
-5.41682
-5.41958
-5.42074
-5.41832
-5.41827
-5.41853
-5.41763
-5.41725
-5.41756
-5.41673
-5.41717
-5.41659
-5.41552
-5.4139
-5.41679
-5.41708
-5.41854
-5.42007
-5.41872
-5.42065
-5.41842
-5.42075
-5.41981
-5.42041
-5.4222
-5.42063
-5.41894
-5.41973
-5.41947
-5.41912
-5.42133
-5.42032
-5.41811
-5.41675
-5.41823
-5.42032
-5.41936
-5.42271
-5.42502
-5.42551
-5.42473
-5.42462
-5.42457
-5.4224
-5.42302
-5.42098
-5.42143
-5.42152
-5.41815
-5.41638
-5.417
-5.41675
-5.41644
-5.41818
-5.41798
-5.41872
-5.41965
-5.41999
-5.41928
-5.41913
-5.41605
-5.41512
-5.41468
-5.41438
-5.41502
-5.41638
-5.41414
-5.41601
-5.41421
-5.41541
-5.41428
-5.41419
-5.41592
-5.41636
-5.41683
-5.41657
-5.41794
-5.41721
-5.41721
-5.4186
-5.41627
-5.41875
-5.41903
-5.41914
-5.42038
-5.42169
-5.42132
-5.42207
-5.42029
-5.4205
-5.42113
-5.4223
-5.42059
-5.41904
-5.41962
-5.41646
-5.41626
-5.41603
-5.41606
-5.41541
-5.41413
-5.41327
-5.41068
-5.41102
-5.41084
-5.41145
-5.41238
-5.41623
-5.4175
-5.41726
-5.42034
-5.41812
-5.41691
-5.41816
-5.41607
-5.41518
-5.41425
-5.41237
-5.41387
-5.41466
-5.4148
-5.41721
-5.4186
-5.41989
-5.42169
-5.4229
-5.42494
-5.42497
-5.4248
-5.42094
-5.42004
-5.4211
-5.41951
-5.41994
-5.42013
-5.42055
-5.42064
-5.42024
-5.4209
-5.41847
-5.41794
-5.41882
-5.41957
-5.42051
-5.42091
-5.42219
-5.42036
-5.42025
-5.41907
-5.41762
-5.41792
-5.41935
-5.41854
-5.41927
-5.41884
-5.41533
-5.41562
-5.41622
-5.41556
-5.41524
-5.413
-5.41287
-5.41319
-5.4134
-5.41417
-5.41368
-5.41327
-5.41301
-5.41247
-5.4141
-5.41286
-5.4141
-5.41665
-5.41706
-5.41888
-5.41771
-5.42008
-5.42315
-5.42386
-5.42383
-5.42341
-5.42204
-5.42172
-5.4203
-5.41817
-5.41708
-5.41393
-5.41467
-5.41482
-5.41466
-5.41313
-5.41306
-5.41244
-5.41382
-5.41417
-5.41398
-5.41379
-5.41358
-5.41184
-5.41357
-5.41504
-5.4141
-5.41603
-5.41828
-5.41661
-5.41706
-5.41722
-5.41791
-5.41839
-5.4196
-5.42031
-5.42088
-5.42006
-5.42013
-5.42075
-5.42093
-5.41971
-5.41774
-5.41441
-5.41366
-5.41074
-5.40997
-5.41082
-5.41206
-5.41171
-5.41126
-5.41317
-5.41471
-5.41741
-5.41797
-5.41995
-5.41941
-5.41827
-5.41911
-5.41937
-5.4185
-5.41792
-5.41582
-5.4162
-5.41519
-5.41925
-5.41924
-5.41835
-5.41656
-5.41522
-5.41473
-5.41586
-5.41511
-5.41528
-5.41737
-5.41809
-5.41908
-5.42004
-5.41957
-5.41991
-5.41772
-5.41503
-5.416
-5.41603
-5.41538
-5.41443
-5.41585
-5.41326
-5.41288
-5.416
-5.4145
-5.41669
-5.4202
-5.42194
-5.42082
-5.41964
-5.41679
-5.4156
-5.41365
-5.41252
-5.41184
-5.41248
-5.4135
-5.41374
-5.41475
-5.41679
-5.42028
-5.42033
-5.4196
-5.4169
-5.41528
-5.41289
-5.41179
-5.41146
-5.41035
-5.41013
-5.41079
-5.41162
-5.41187
-5.41371
-5.41448
-5.41773
-5.41766
-5.41658
-5.41614
-5.41603
-5.4182
-5.41657
-5.41634
-5.41659
-5.41567
-5.41802
-5.42028
-5.41975
-5.42028
