1.22933
1.2152
1.20512
1.20128
1.20422
1.21252
1.22284
1.23074
1.23203
1.22437
1.20827
1.18685
1.16466
1.14616
1.1343
1.1303
1.13396
1.14457
1.16123
1.18282
1.20755
1.23288
1.2558
1.27371
1.28527
1.29065
1.29131
1.28913
1.28576
1.28199
1.27759
1.27165
1.26312
1.25144
1.23687
1.22036
1.20296
1.18553
1.16879
1.15361
1.14121
1.13327
1.13167
1.13806
1.15324
1.17622
1.20392
1.23203
1.2561
1.27262
1.2802
1.27965
1.27361
1.26552
1.25879
1.25582
1.25758
1.26365
1.27254
1.28224
1.29075
1.29623
1.29753
1.29405
1.28565
1.27265
1.2559
1.23688
1.21764
1.20063
1.18824
1.18262
1.18536
1.197
1.21655
1.24136
1.26732
1.28977
1.30443
1.30838
1.3005
1.28137
1.25318
1.21901
1.1824
1.14665
1.11443
1.08763
1.0674
1.05427
1.04829
1.04904
1.05576
1.06773
1.08468
1.10711
1.13591
1.17147
1.21302
1.2584
1.3045
1.34748
1.38311
1.40752
1.41804
1.41372
1.39547
1.36597
1.32917
1.28972
1.2521
1.21983
1.19482
1.17733
1.16627
1.15944
1.15429
1.14867
1.14161
1.13357
1.12605
1.12091
1.11986
1.12388
1.13305
1.14664
1.16306
1.18014
1.19568
1.20844
1.21874
1.22833
1.23973
1.25499
1.27456
1.2968
1.31847
1.33604
1.34695
1.35068
1.34859
1.34296
1.33585
1.32822
1.3196
1.30863
1.29376
1.27407
1.24992
1.22344
1.1981
1.17797
1.16617
1.16372
1.16926
1.17986
1.19221
1.20365
1.21214
1.21622
1.2149
1.20749
1.19421
1.17639
1.15679
1.13946
1.12905
1.1292
1.14094
1.16202
1.18756
1.21207
1.23116
1.24231
1.24518
1.24114
1.23292
1.22368
1.21608
1.21163
1.21066
1.21277
1.21741
1.22384
1.23124
1.23831
1.24346
1.24482
1.24057
1.22962
1.21249
1.19203
1.17292
1.15972
1.15479
1.15824
1.16911
1.1861
1.20744
1.23083
1.25376
1.27378
1.28887
1.2977
1.29984
1.29582
1.28704
1.27531
1.26258
1.25015
1.23859
1.22814
1.21924
1.21278
1.2101
1.21233
1.21994
1.23261
1.24925
1.26842
1.28838
1.30686
1.32118
1.32894
1.32875
1.32083
1.30659
1.28827
1.26811
1.2481
1.2296
1.21313
1.19823
1.18392
1.16929
1.15387
1.13788
1.12208
1.10746
1.09537
1.08753
1.08601
1.09251
1.10744
1.12917
1.15433
1.17896
1.19992
1.2157
1.22651
1.23375
1.23938
1.24504
1.25149
1.2584
1.26452
1.26835
1.26865
1.26505
1.25797
1.24869
1.23899
1.23071
1.2252
1.22317
1.22468
1.22928
1.23564
1.24168
1.24519
1.24463
1.23992
1.23265
1.2257
1.22184
1.22215
1.22503
1.22725
1.22626
1.22171
1.21548
1.21047
1.20933
1.21321
1.22143
1.23173
1.24134
1.24796
1.25058
1.24968
1.24682
1.24395
1.24249
1.24264
1.24331
1.24273
1.23955
1.23362
1.22647
1.2208
1.21939
1.22385
1.23393
1.24764
1.26172
1.27267
1.27758
1.27462
1.26322
1.24404
1.21906
1.19157
1.16573
1.14575
1.13499
1.13506
1.14554
1.16414
1.1872
1.21066
1.23129
1.24731
1.25852
1.26551
1.26881
1.26864
1.26509
1.25882
1.25125
1.2442
1.23914
1.23646
1.23571
1.23619
1.23734
1.23885
1.24019
1.24084
1.24034
1.23871
1.2365
1.23451
1.23337
1.23334
1.23416
1.23507
1.2351
1.23309
1.22793
1.21891
1.20594
1.19
1.17333
1.15898
1.15002
1.14878
1.15593
1.1701
1.18841
1.20737
1.22405
1.23693
1.24605
1.2528
1.25898
1.26591
1.27368
1.28102
1.28573
1.28584
1.28048
1.27043
1.25809
1.24675
1.23959
1.2385
1.24309
1.25106
1.25929
1.26529
1.26803
1.26782
1.26508
1.2591
1.24801
1.23012
1.20547
1.17681
1.14914
1.12825
1.11914
1.12443
1.1432
1.17108
1.20175
1.22894
1.2483
1.25812
1.25943
1.25526
1.24962
1.24664
1.24949
1.25964
1.27636
1.29671
1.31612
1.32963
1.3332
1.32476
1.30466
1.27552
1.24174
1.20814
1.17874
1.15578
1.13958
1.12906
1.12246
1.11835
1.11623
1.11662
1.12068
1.12922
1.1421
1.15848
1.17745
1.19856
1.22131
1.24518
1.26918
1.29185
1.31154
1.32641
1.33463
1.33463
1.32551
1.3074
1.28194
1.25223
1.22225
1.19579
1.17562
1.16289
1.1578
1.16041
1.17105
1.1896
1.2144
1.24192
1.26787
1.28833
1.30087
1.30477
1.30079
1.29075
1.27709
1.26246
1.24947
1.24003
1.23499
1.23415
1.23689
1.2427
1.25095
1.2604
1.26916
1.27538
1.27812
1.27759
1.27444
1.26876
1.26007
1.2476
1.23103
1.21093
1.18873
1.16659
1.14719
1.13358
1.12854
1.13427
1.15169
1.17972
1.215
1.25238
1.2862
1.31145
1.32461
1.32399
1.3098
1.28394
1.24987
1.2119
1.17448
1.14139
1.11523
1.09718
1.08733
1.08515
1.08976
1.10027
1.11578
1.13553
1.15899
1.18535
1.21306
1.23944
1.26115
1.27506
1.27922
1.27329
1.25869
1.23832
1.21619
1.19681
1.18446
1.18184
1.18948
1.20541
1.22575
1.24595
1.26201
1.27146
1.27383
1.27039
1.26371
1.25714
1.25402
1.25664
1.26565
1.27979
1.29636
1.31217
1.32434
1.33109
1.3318
1.32687
1.31699
1.30288
1.28521
1.26494
1.24381
1.22422
1.2081
1.19583
1.18591
1.17598
1.16429
1.15106
1.13853
1.12993
1.12742
1.13075
1.13754
1.1451
1.15214
1.15909
1.16705
1.17641
1.18607
1.19349
1.19575
1.19096
1.17965
1.16558
1.15548
1.15685
1.17363
1.20347
1.23904
1.27221
1.29712
1.31109
1.31437
1.30923
1.29884
1.28582
1.27166
1.25637
1.23935
1.22017
1.19968
1.18016
1.16479
1.1567
1.15784
1.1683
1.18604
1.20744
1.22831
1.24505
1.25553
1.25908
1.25635
1.24882
1.23847
1.22743
1.21742
1.20962
1.20446
1.2016
1.20037
1.20026
1.20109
1.20309
1.20671
1.21212
1.21891
1.22606
1.23198
1.23507
1.23431
1.22962
1.22192
1.2129
1.20447
1.19838
1.196
1.1978
1.20312
1.21062
1.21904
1.22756
1.23576
1.24344
1.25072
1.25789
1.26469
1.26994
1.27199
1.26956
1.26228
1.25079
1.23636
1.22064
1.2056
1.19377
1.18794
1.19015
1.20064
1.21747
1.23748
1.25747
1.27514
1.28925
1.29929
1.30498
1.30608
1.30219
1.29275
1.27737
1.25641
1.23151
1.206
1.18462
1.17242
1.17279
1.18576
1.20778
1.23365
1.25855
1.27913
1.29317
1.29906
1.29583
1.28368
1.26463
1.24242
1.22175
1.20661
1.19912
1.19951
1.20669
1.21904
1.23447
1.25038
1.2637
1.27138
1.27097
1.2611
1.24192
1.21502
1.18351
1.15135
1.12279
1.10158
1.0903
1.09005
1.1003
1.11899
1.14298
1.1687
1.19289
1.21326
1.22888
1.23991
1.24721
1.25196
1.25558
1.25964
1.26566
1.27451
1.28572
1.29733
1.30609
1.30855
1.30227
1.28662
1.26302
1.23437
1.2043
1.17634
1.1533
1.13702
1.1286
1.12902
1.13936
1.16034
1.19072
1.22611
1.25996
1.28582
1.29898
1.29719
1.28082
1.25273
1.2178
1.18194
1.15076
1.1288
1.1189
1.12218
1.13811
1.16506
1.20037
1.2405
1.28112
1.31755
1.34558
1.36201
1.3651
1.35468
1.33191
1.29904
1.25926
1.21653
1.17554
1.14116
1.11761
1.10789
1.11289
1.13113
1.15914
1.19205
1.22467
1.25239
1.27171
1.28062
1.2787
1.26706
1.24794
1.22425
1.19892
1.1747
1.15381
1.13808
1.12889
1.12709
1.13291
1.14595
1.16529
1.18974
1.21774
1.24733
1.2761
1.30121
1.31996
1.33049
1.33233
1.3267
1.3157
1.30136
1.28532
1.26888
1.25302
1.23817
1.22421
1.21093
1.19881
1.18953
1.18555
1.18864
1.19811
1.21043
1.22059
1.22465
1.221
1.21045
1.19552
1.17962
1.16637
1.15894
1.15948
1.16899
1.18702
1.21177
1.24037
1.26947
1.29568
1.31615
1.32889
1.33275
1.32741
1.31326
1.29123
1.26302
1.2311
1.19838
1.1678
1.14174
1.12163
1.108
1.10085
1.1
1.10546
1.11724
1.13519
1.15863
1.18644
1.21694
1.24829
1.27857
1.30588
1.32824
1.34387
1.3515
1.35086
1.34297
1.33
1.31464
1.2994
1.28578
1.27367
1.26163
1.24792
1.23183
1.21438
1.19798
1.18537
1.17825
1.17642
1.17805
1.1803
1.18046
1.17681
1.16901
1.15782
1.14493
1.13238
1.12221
1.11613
1.11544
1.12086
1.13244
1.14971
1.17197
1.19836
1.22738
1.25617
1.28063
1.29667
1.30191
1.29638
1.282
1.26182
1.23933
1.21822
1.20205
1.19394
1.19604
1.2093
1.23315
1.26551
1.30294
1.34095
1.37482
1.40026
1.41402
1.41424
1.40055
1.37387
1.33663
1.29309
1.24915
1.21086
1.18201
1.16237
1.14856
1.13676
1.12494
1.11328
1.10363
1.09823
1.09871
1.10542
1.11743
1.1333
1.15184
1.17208
1.19306
1.21348
1.2316
1.24535
1.2528
1.25284
1.24541
1.2319
1.21482
1.19739
1.18277
1.17358
1.17117
1.17538
1.18444
1.19557
1.20596
1.21372
1.2181
1.21948
1.21918
1.21928
1.22197
1.22857
1.23885
1.25087
1.26157
1.2681
1.26892
1.26419
1.25553
1.24532
1.23573
1.22835
1.22388
1.22228
1.22316
1.22596
1.23007
1.23494
1.23997
1.24434
1.247
1.24694
1.24386
1.23874
1.23371
1.23072
1.23023
1.23109
1.23139
1.22961
1.22512
1.21834
1.21036
1.2025
1.19585
1.19089
1.18748
1.1854
1.18472
1.18601
1.18968
1.19532
1.20132
1.20512
1.20417
1.19689
1.18367
1.16723
1.15175
1.14127
1.13843
1.14452
1.15998
1.18437
1.21575
1.25056
1.28447
1.31343
1.33452
1.34621
1.34822
1.34134
1.32696
1.30673
1.28238
1.25573
1.22877
1.20353
