6.44085
6.46738
6.48643
6.4927
6.48669
6.46503
6.43541
6.39247
6.34551
6.29411
6.24175
6.1905
6.13961
6.09992
6.05961
6.03026
6.00817
5.98607
5.98052
5.98498
5.99844
6.02238
6.04976
6.08128
6.11188
6.14381
6.17307
6.19663
6.21589
6.2273
6.23698
6.24203
6.25134
6.25695
6.26276
6.26818
6.27047
6.26818
6.25692
6.22863
6.20027
6.16667
6.13797
6.11768
6.10434
6.10333
6.11917
6.1393
6.17217
6.20926
6.24604
6.27802
6.31152
6.34039
6.36853
6.40237
6.43369
6.46232
6.49057
6.50259
6.50657
6.49064
6.46177
6.41151
6.34971
6.27349
6.19473
6.11331
6.03485
5.96485
5.9073
5.85543
5.81608
5.79146
5.78275
5.78634
5.80669
5.83778
5.87744
5.92961
5.99181
6.05271
6.12153
6.18837
6.26768
6.34009
6.40966
6.47173
6.51841
6.55185
6.57042
6.57658
6.57082
6.5584
6.53967
6.50914
6.4801
6.44374
6.40382
6.36128
6.3179
6.27611
6.22555
6.17957
6.13693
6.0968
6.05324
6.01105
5.96982
5.93478
5.89916
5.86444
5.84487
5.83273
5.83816
5.85476
5.8818
5.92259
5.9806
6.04725
6.11931
6.1944
6.26113
6.31879
6.36894
6.40741
6.43165
6.44344
6.44115
6.42031
6.38311
6.33898
6.28555
6.23683
6.19176
6.14995
6.12212
6.10805
6.11053
6.12399
6.14949
6.18493
6.22245
6.26457
6.30204
6.33821
6.3608
6.37357
6.37857
6.36918
6.34163
6.30934
6.26574
6.21037
6.15675
6.10078
6.052
6.01201
5.97345
5.94361
5.9195
5.90734
5.89398
5.89302
5.90153
5.92563
5.95733
5.99658
6.04425
6.10079
6.15901
6.21828
6.26518
6.31417
6.35191
6.38161
6.39628
6.41374
6.42884
6.44834
6.45564
6.45475
6.44318
6.41825
6.3846
6.34354
6.2944
6.24133
6.19071
6.14124
6.10915
6.09202
6.09013
6.09932
6.11079
6.13276
6.15966
6.18084
6.19339
6.20335
6.21532
6.22158
6.22079
6.22063
6.21506
6.20825
6.20284
6.19585
6.18387
6.16967
6.15592
6.14965
6.13584
6.13479
6.14728
6.17016
6.20348
6.24321
6.2781
6.31434
6.34411
6.36423
6.36912
6.36228
6.34224
6.31691
6.28674
6.25214
6.2287
6.21186
6.20474
6.19874
6.19702
6.19644
6.18841
6.17332
6.15619
6.14223
6.1232
6.1006
6.07984
6.06942
6.06302
6.06943
6.08506
6.1153
6.15461
6.20045
6.23974
6.2777
6.3059
6.31946
6.31306
6.29321
6.25687
6.22191
6.17746
6.13871
6.10657
6.09047
6.0853
6.10389
6.13057
6.17114
6.2194
6.26423
6.3179
6.36944
6.41333
6.44295
6.46286
6.46474
6.45417
6.42155
6.36834
6.30287
6.22567
6.14682
6.07187
6.00479
5.95076
5.91304
5.89603
5.90359
5.92422
5.96212
6.0131
6.06804
6.11872
6.16489
6.1984
6.22808
6.24522
6.25294
6.25133
6.24563
6.24244
6.24474
6.25249
6.26907
6.29117
6.31252
6.33917
6.3677
6.3909
6.40647
6.41023
6.40292
6.39136
6.37004
6.34433
6.30456
6.26065
6.20894
6.1577
6.10711
6.06394
6.03472
6.00627
5.99355
5.99198
6.00514
6.02494
6.05308
6.07953
6.10113
6.12833
6.15176
6.1695
6.18209
6.18694
6.18736
6.18942
6.19376
6.20708
6.22043
6.24539
6.2738
6.30302
6.32834
6.355
6.36862
6.37309
6.36104
6.33282
6.29966
6.26097
6.22529
6.20033
6.1862
6.17642
6.1662
6.15548
6.14035
6.1169
6.08563
6.05259
6.02838
6.00843
6.00006
6.00021
6.00777
6.01999
6.03473
6.06363
6.09744
6.12787
6.16476
6.19867
6.22702
6.24564
6.26676
6.28546
6.29923
6.30292
6.30101
6.28777
6.25554
6.2135
6.15983
6.10895
6.05676
6.01253
5.97465
5.95662
5.96062
5.9885
6.0412
6.11163
6.19536
6.28525
6.37851
6.4552
6.51653
6.54859
6.5591
6.53867
6.49428
6.43478
6.36792
6.29977
6.24555
6.204
6.18926
6.18942
6.20705
6.23356
6.26854
6.29344
6.30678
6.30943
6.29522
6.27141
6.25015
6.22467
6.20595
6.19102
6.18864
6.18613
6.19194
6.20235
6.20774
6.21164
6.20581
6.19519
6.17724
6.14921
6.12134
6.08751
6.05081
6.01017
5.97045
5.93474
5.9001
5.87005
5.85421
5.8458
5.84418
5.85755
5.88307
5.91873
5.96214
6.01462
6.07428
6.13657
6.19897
6.25601
6.31159
6.36312
6.41458
6.46508
6.51395
6.55917
6.59512
6.61865
6.63477
6.63591
6.62621
6.59819
6.55377
6.5028
6.43717
6.36829
6.29566
6.22099
6.15227
6.09103
6.0407
5.99742
5.96802
5.94937
5.94531
5.95884
5.98884
6.02733
6.0786
6.13389
6.18882
6.24976
6.30641
6.35034
6.39024
6.41224
6.41391
6.3985
6.36277
6.31244
6.25748
6.19763
6.14412
6.09664
6.06755
6.05029
6.04171
6.04335
6.05489
6.06931
6.08743
6.09976
6.11214
6.12371
6.12481
6.12566
6.11979
6.12329
6.13127
6.1383
6.1407
6.14142
6.14877
6.15261
6.15506
6.1565
6.15383
6.14839
6.14528
6.15021
6.16098
6.18746
6.21848
6.25958
6.30542
6.35478
6.39705
6.43548
6.46209
6.47112
6.47217
6.45274
6.42523
6.38646
6.34402
6.30898
6.27061
6.24984
6.24104
6.24505
6.26383
6.29319
6.32169
6.33559
6.33589
6.32176
6.28974
6.24021
6.18097
6.11449
6.05203
5.99907
5.95509
5.92937
5.91349
5.92061
5.93888
5.96051
5.99158
6.0311
6.07031
6.10488
6.14799
6.18902
6.22734
6.25957
6.28428
6.30042
6.30365
6.30016
6.28647
6.25922
6.23236
6.21023
6.19179
6.17787
6.17917
6.18966
6.20711
6.23211
6.25971
6.2916
6.31724
6.34642
6.37135
6.38056
6.37918
6.36646
6.34033
6.30058
6.24777
6.18623
6.12131
6.04892
5.98439
5.92906
5.88795
5.86835
5.86723
5.88823
5.93444
5.99388
6.07218
6.15845
6.24544
6.32268
6.37681
6.40343
6.40623
6.37849
6.32707
6.2619
6.1949
6.13032
6.07447
6.03213
6.00446
6.00125
6.01561
6.04703
6.09907
6.15881
6.23016
6.30275
6.36552
6.4259
6.46741
6.49421
6.50785
6.50215
6.48547
6.45867
6.42724
6.39098
6.35247
6.31818
6.28346
6.24346
6.21214
6.17325
6.13463
6.10006
6.06222
6.03491
6.00958
5.99313
5.99069
5.99599
6.01303
6.04744
6.10141
6.15756
6.22218
6.28401
6.33795
6.37774
6.40175
6.41166
6.40677
6.38604
6.36447
6.33512
6.30657
6.28004
6.26368
6.25727
6.25546
6.25332
6.24858
6.23331
6.21164
6.1811
6.14443
6.10611
6.0752
6.04624
6.02234
6.0054
6.00056
6.00632
6.01944
6.04564
6.08317
6.1279
6.17764
6.23027
6.27807
6.30978
6.32445
6.32479
6.30689
6.27928
6.24676
6.21327
6.18363
6.16718
6.1635
6.17117
6.1868
6.20767
6.23155
6.24718
6.26841
6.28256
6.2872
6.28301
6.27844
6.25938
6.22631
6.1949
6.1593
6.12689
6.09677
6.07722
6.07029
6.07716
6.09746
6.1206
6.14721
6.1765
6.20444
6.22624
6.24053
6.24222
6.23441
6.21635
6.186
6.15131
6.11829
6.08899
6.06262
6.0444
6.03414
6.03064
6.03489
6.04069
6.05173
6.07175
6.09424
6.11955
6.15422
6.19092
6.22901
6.27022
6.30061
6.32436
6.34075
6.3532
6.35787
6.36404
6.36753
6.37433
6.37903
6.37483
6.36552
6.34269
6.31378
6.27901
6.23762
6.19746
6.1547
6.12321
6.09606
6.07629
6.06913
6.07609
6.08711
6.10878
6.14464
6.18383
6.22478
6.26505
6.29907
6.32779
6.34381
6.34686
6.34152
6.32308
6.29439
6.25841
6.21754
6.17383
6.12929
6.09041
6.06117
6.04931
6.05115
6.06193
6.08684
6.11695
6.15564
6.19443
6.23631
6.27173
6.30466
6.33431
6.35274
6.358
6.35448
6.3467
6.33958
6.33922
6.33938
6.34245
6.35932
6.38277
6.40455
6.42521
6.42868
6.417
6.38825
6.33325
6.25542
6.16892
6.07784
5.99327
5.92561
5.87622
5.85127
5.85003
5.87082
5.90601
5.95118
6.00354
6.04965
6.08992
6.12361
6.14892
6.16814
6.1732
6.17836
6.17461
6.17304
6.171
6.17388
6.18769
6.21164
6.25256
6.30247
6.36255
6.42702
6.48744
6.54021
6.57906
6.60299
6.60952
6.59076
6.55359
6.50501
6.43423
6.35683
6.27092
6.1832
6.09494
6.00355
5.91827
5.84808
5.79426
5.76799
5.76016
5.77488
5.81583
5.8822
5.96448
6.05685
6.15457
6.25412
6.34593
6.42326
6.47875
6.50903
6.51165
6.48895
6.43426
6.37046
6.29772
6.22583
6.15316
6.0919
6.04526
6.01597
5.99895
6.0073
6.02655
6.06373
6.11119
6.16601
6.21811
6.27132
6.31589
6.35226
6.37811
6.38469
6.3817
6.36683
6.33528
6.29597
6.24769
6.20007
6.14821
6.09638
6.04929
6.00057
5.9554
5.92519
5.91003
5.91823
5.94869
5.99243
6.05287
6.12907
6.2102
6.28913
6.3643
6.41859
6.46122
6.48681
6.4936
6.48471
6.45847
6.41799
6.36533
6.32189
6.27986
6.24049
6.21167
6.20239
6.20688
6.21887
6.23626
6.26695
6.30089
6.32902
6.34817
6.3588
6.3581
6.34822
6.32002
6.28982
6.25263
6.21909
6.18719
6.16043
6.13389
6.1107
6.08997
6.06857
6.05602
6.03804
6.02096
6.01037
6.00228
6.00011
6.00763
6.01948
6.04458
6.07892
6.12371
6.17336
6.22706
6.27857
6.33009
6.37354
6.40968
6.43334
6.44544
6.44695
6.43117
6.40165
6.36179
6.30712
6.25894
6.20055
6.14855
6.11263
6.08986
6.08527
6.09458
6.11848
6.14893
6.1836
6.214
6.23705
6.25984
6.26743
6.2684
6.27038
6.27064
6.27087
6.27062
6.27501
6.28262
6.27781
6.26812
6.25538
6.22748
6.19402
6.14429
6.09273
6.04151
5.99347
5.9547
5.93624
5.94461
5.97656
6.02856
6.11298
6.20818
6.31669
6.42398
6.52662
6.60989
6.67694
6.71453
6.71708
6.68432
6.62348
6.53602
6.43588
6.32296
6.20978
6.10878
6.01704
5.94917
5.89994
5.87258
5.87858
5.89959
5.93813
5.98738
6.04734
6.11621
6.17327
6.22632
6.26319
6.28648
6.29895
6.29836
6.2846
6.26239
6.22827
6.19987
6.17505
6.15462
6.1502
6.16024
6.18189
6.21386
6.25525
6.29709
6.32814
6.35439
6.36456
6.36115
6.3534
6.33177
6.30642
6.28912
6.27691
6.26937
6.26534
6.26467
6.25995
6.25439
6.25354
6.24975
6.24526
6.23653
6.21455
6.18431
6.15267
6.11458
6.07262
6.03354
6.00388
5.97534
5.96243
5.95874
5.96265
5.98484
6.01113
6.04993
6.10174
6.15107
6.21001
6.26637
6.32049
6.36888
6.41439
6.43603
6.44771
6.43984
6.41286
6.37214
6.32117
6.25733
6.19898
6.14334
6.10476
6.08547
6.08685
6.11032
6.15071
6.20336
6.25881
6.32101
6.36401
6.39952
6.4137
6.40495
6.38435
6.35021
6.31587
6.26988
6.22586
6.19169
6.16377
6.14208
6.12649
6.11852
6.11422
6.10928
6.10831
6.09993
6.08402
6.06945
6.04614
6.02724
6.01404
6.00726
6.00406
6.01997
6.03639
6.05941
6.08707
6.11792
6.14513
6.17527
6.20583
6.23353
6.25434
6.27037
6.28487
6.29846
6.31394
6.33453
6.35601
6.37847
6.40598
6.43303
6.45436
6.46808
6.47566
6.46865
6.44454
6.40186
6.34698
6.28831
6.23319
6.18138
6.14872
6.13978
6.15272
6.1831
6.22814
6.28214
6.3335
6.36686
6.39286
6.39993
6.3866
6.35242
6.30419
6.24753
6.18268
6.11827
6.05949
6.01742
5.98343
5.96859
5.96412
5.97003
5.98459
6.00776
6.03239
6.06422
6.09878
6.1298
6.14721
6.16519
6.17705
6.18085
6.17575
6.16081
6.14839
6.13024
6.10799
6.08462
6.07127
6.06116
6.05872
6.06775
6.09052
6.11569
6.15062
6.18588
6.21573
6.2352
6.25399
6.26527
6.2694
6.26652
6.25991
6.24964
6.23618
6.22311
6.21416
6.21098
6.21633
6.22692
6.24999
6.27999
6.31942
6.36472
6.41615
6.46407
6.51059
6.5504
6.57627
6.58489
6.57415
6.55504
6.52329
6.47957
6.42875
6.37679
6.31998
6.26514
6.21727
6.17231
6.13786
6.10901
6.08804
6.07482
6.064
6.04927
6.03592
6.032
6.02065
6.00962
6.00578
6.01295
6.02464
6.04024
6.0591
6.08193
6.09382
6.10535
6.11671
6.1274
6.14024
6.15183
6.17142
6.19532
6.2213
6.2611
6.30042
6.33804
6.37602
6.40852
6.43181
6.44701
6.44893
6.4399
6.4187
6.39423
6.36192
6.32458
6.28486
6.24716
6.21211
6.17045
6.12639
6.08456
6.05011
6.01959
5.99908
5.98553
5.98333
6.0025
6.03441
6.08049
6.13849
6.20312
6.27335
6.34117
6.39776
6.44444
6.47815
6.4946
6.50144
6.49288
6.47381
6.43798
6.38269
6.32296
6.24993
6.16667
6.08114
5.99986
5.92971
5.88803
5.86579
5.86829
5.90435
5.9573
6.02458
6.10622
6.19024
6.27312
6.33601
6.38496
6.41409
6.41089
6.38365
6.33993
6.27463
6.20703
6.1391
6.0766
6.03877
6.01477
6.01179
6.02981
6.06298
6.11208
6.16532
6.21377
6.26284
6.30705
6.34157
6.36531
6.36908
6.36952
6.35277
6.32571
6.28844
6.24241
6.19914
6.15925
6.13401
6.10653
6.08758
6.07976
6.08183
6.09917
6.12737
6.17309
6.22235
6.27436
6.33031
6.37793
6.42685
6.45627
6.47192
6.47171
6.45032
6.41546
6.3778
6.34373
6.30695
6.27817
6.25179
6.21801
6.17318
6.13992
6.10885
6.07182
6.04226
6.0138
5.99892
5.99034
5.98527
5.98571
5.99251
6.00195
6.01411
6.0276
6.04624
6.0692
6.09328
6.11825
6.15133
6.18384
6.21568
6.24563
6.26764
6.29134
6.30355
6.31058
6.31486
6.31167
6.29735
6.28838
6.27891
6.27141
6.26543
6.26481
6.25756
6.25362
6.2482
6.24169
6.2389
6.23201
6.22465
6.21108
6.20108
6.1874
6.1679
6.14655
6.12672
6.109
6.09386
6.09079
6.0951
6.11422
6.13442
6.16895
6.20112
6.23276
6.2594
6.28013
6.28466
6.28102
6.26993
6.25091
6.22338
6.19156
6.16593
6.14257
6.12547
6.11943
6.13028
6.15934
6.19667
6.24514
6.29518
6.34891
6.38709
6.41523
6.42593
6.41274
6.381
6.33606
6.28308
6.22273
6.15614
6.1005
6.04381
5.99399
5.95079
5.92509
5.90848
5.91023
5.92438
5.94383
5.97461
6.01801
6.06194
6.11114
6.15621
6.20123
6.24358
6.28427
6.31844
6.34316
6.37377
6.39703
6.41148
6.41994
6.42924
6.43158
6.43623
6.44153
6.44472
6.44209
6.42975
6.40516
6.37736
6.33751
6.2836
6.22953
6.17403
6.11737
6.06773
6.02478
6.00204
5.98978
5.99185
6.00319
6.01584
6.03051
6.04817
6.07276
6.10259
6.14405
6.18516
6.23509
6.28487
6.33276
6.37762
6.40097
6.40722
6.39867
6.3755
6.33701
6.29583
6.25373
6.20979
6.1767
6.14709
6.12949
6.12046
6.11576
6.11041
6.10476
6.10401
6.0998
6.09449
6.09117
6.08434
6.07556
6.06391
6.0433
6.03028
6.01809
6.00768
5.99597
5.99692
6.00631
6.03121
6.06441
6.10824
6.16027
6.21956
6.27958
6.33723
6.3915
6.42594
6.44472
6.44981
6.44585
6.42489
6.39213
6.36167
6.32278
6.28946
6.25767
6.23296
6.2145
6.20697
6.20686
6.21332
6.22165
6.23388
6.24208
6.25188
6.2463
6.24782
6.24764
6.24313
6.23752
6.22629
6.22033
6.2075
6.19699
6.18685
6.17214
6.16564
6.16695
6.17814
6.19293
6.21666
6.24062
6.26074
6.28435
6.29722
6.30592
6.30184
6.29096
6.27047
6.23887
6.19607
6.14916
6.09277
6.03036
5.97409
5.9217
5.88082
5.8585
5.8535
5.86984
5.90301
5.95691
6.02095
6.08606
6.15004
6.20641
6.25295
6.28074
6.29542
6.29643
6.28518
6.2648
6.24611
6.21466
6.19224
6.17301
6.16229
6.15605
6.15682
6.16531
6.1792
6.2059
6.242
6.27264
6.30865
6.35407
6.40086
6.44217
6.47673
6.49855
6.50134
6.48948
6.46259
6.41876
6.36706
6.3041
6.24195
6.19572
6.15847
6.14097
6.13865
6.14785
6.17601
6.20359
6.22896
6.24856
6.25047
6.24291
6.22081
6.19954
6.16095
6.12543
6.09166
6.05796
6.03229
6.0084
5.98903
5.97726
5.96858
5.97149
5.98003
5.99869
6.02425
6.0521
6.08722
6.12499
6.16138
6.20441
6.24124
6.26699
6.29161
6.30416
6.30527
6.29747
6.28782
6.26541
6.23458
6.20829
6.18137
6.1651
6.15058
6.14884
6.15879
6.17976
6.21897
6.26357
6.31248
6.35944
6.39707
6.42083
6.44268
6.44813
6.44639
6.44238
6.43325
6.42007
6.40546
6.38616
6.36728
6.33445
6.30115
6.25859
6.20417
6.14644
6.08849
6.02974
5.97978
5.94607
5.90868
5.9012
5.90333
5.92742
5.97039
6.02919
6.09325
6.16728
6.23979
6.31255
6.37423
6.42041
6.4491
6.45883
6.45033
6.4209
6.37934
6.32745
6.26158
6.19474
6.1298
6.07552
6.03296
6.0053
5.99362
6.00028
6.02209
6.06137
6.11643
6.1836
6.24834
6.30776
6.35969
6.38853
6.39386
6.3725
6.33001
6.27127
6.20049
6.12814
6.06285
6.01237
5.97775
5.96607
5.98169
6.01705
6.07499
6.14473
6.22158
6.29613
6.36192
6.41753
6.44692
6.4561
6.43962
6.40784
6.35865
6.29506
6.22941
6.16739
6.10713
6.05392
6.02078
5.99103
5.97522
5.98581
6.00396
6.03798
6.0846
6.13821
6.19667
6.25182
6.29833
6.34272
6.37067
6.3874
6.38755
6.36925
6.34118
6.30178
6.26318
6.22221
6.18585
6.15717
6.13375
6.12243
6.12543
6.13158
6.14481
6.16531
6.18679
6.21002
6.23032
6.25115
6.26179
6.27208
6.28192
6.28217
6.28666
6.28468
6.27921
6.27258
6.25989
6.24665
6.23148
6.21769
6.19771
6.18286
6.16222
6.14227
6.12172
6.11105
6.09969
6.09724
6.10483
6.12323
6.14652
6.17732
6.21067
6.24012
6.26498
6.27671
6.27506
6.27282
6.26624
6.26508
6.27948
6.30638
6.34158
6.3835
6.42917
6.46853
6.50319
6.51192
6.50788
6.48328
6.439
6.38596
6.32419
6.2591
6.20041
6.14862
6.11589
6.09712
6.1007
6.11953
6.14635
6.17567
6.2005
6.21228
6.2063
6.20152
6.18919
6.17695
6.16806
6.16487
6.17262
6.19289
6.20653
6.21681
6.21825
6.21142
6.19414
6.16952
6.15144
6.13748
6.1353
6.15091
6.17835
6.22081
6.26223
6.30267
6.32751
6.33583
6.32625
6.30241
6.26765
6.22515
6.17425
6.12069
6.07046
6.02688
5.98916
5.95789
5.94013
5.92876
5.93042
5.94801
5.9773
6.01363
6.05414
6.09745
6.14358
6.19162
6.23693
6.27749
6.31038
6.32939
6.33423
6.32874
6.30804
6.28041
6.2506
6.22344
6.20401
6.1889
6.19105
6.20429
6.22706
6.25675
6.2904
6.32364
6.35149
6.36983
6.37775
6.37422
6.36285
6.34572
6.33187
6.31748
6.30935
6.30905
6.30973
6.31326
6.31179
6.30316
6.2872
6.26982
6.25163
6.22908
6.20951
6.19608
6.1913
6.18813
6.19019
6.20119
6.2142
6.23573
6.26204
6.28221
6.29311
6.30162
6.30163
6.29094
6.27189
6.23656
6.19304
6.14038
6.09114
6.04828
6.00556
5.9726
5.95234
5.94199
5.94285
5.95327
5.96246
5.97719
5.9943
6.01195
6.03303
6.05557
6.07931
6.10883
6.13804
6.16247
6.18111
6.20281
6.22278
6.2471
6.27569
6.30888
6.34405
6.37895
6.40134
6.4181
6.41518
6.40444
6.38553
6.36432
6.34018
6.32637
6.31476
6.31499
6.32258
6.34364
6.36992
6.39306
6.42254
6.44757
6.46922
6.47769
6.47046
