0.29495   -0.359678   0.449076
-0.464516   -0.335009   0.0854395
-0.0690918   0.432027   -0.224929
-0.179886   0.093062   0.145183
0.355989   -0.166073   0.085774
-0.2601   0.0450425   0.179005
-0.375355   -0.083966   0.398653
0.328942   0.00233026   -0.46298
0.0193842   -0.446255   -0.304484
0.0989787   0.251217   -0.239907
-0.240374   0.315842   0.379193
0.0357429   -0.324333   -0.283611
-0.155729   0.106145   0.492545
0.381104   0.0693114   -0.0584456
0.432419   -0.135947   0.0458586
-0.444922   -0.200319   -0.31613
-0.444873   -0.302688   0.327484
-0.169591   0.268051   -0.37265
-0.17813   -0.361633   -0.303473
-0.0768433   0.119287   0.238298
-0.396764   -0.143832   -0.175957
-0.102157   -0.392519   -0.432604
-0.00197796   -0.309098   0.138732
-0.122474   0.349887   -0.44412
0.0486072   -0.155492   0.3699
-0.0370393   -0.303455   -0.388343
-0.337211   -0.00994898   -0.446903
-0.228137   -0.271531   -0.345019
-0.00816757   -0.392318   -0.358393
-0.150209   -0.440828   0.409365
-0.120966   0.0208301   0.161023
0.258885   -0.482241   -0.499177
0.0837762   0.0819245   0.190325
0.450688   -0.372772   -0.113132
-0.330995   -0.213662   -0.178767
-0.19579   0.00275628   0.112245
-0.0856537   -0.208444   -0.27687
0.391438   0.145095   -0.0201463
-0.0290273   0.160756   -0.322778
0.162288   0.0715675   -0.0396379
0.409431   0.108551   -0.256509
-0.0943724   0.173376   0.479421
0.0413283   -0.444961   0.0233185
-0.491496   0.0174907   0.495113
-0.433546   0.492912   -0.167538
0.328103   -0.189077   -0.117637
-0.406709   -0.451637   -0.0997106
0.0202986   -0.301446   0.422774
0.387482   -0.268371   0.471296
-0.370736   0.275601   0.225613
0.0187365   -0.0659736   -0.488126
-0.0875032   0.255292   -0.306291
-0.124647   0.140188   -0.316916
0.425362   0.00351668   0.202808
-0.289385   -0.159199   -0.278354
-0.293664   -0.281765   -0.281082
-0.0180278   0.00812504   0.481551
0.0683888   -0.296345   -0.125172
0.421426   0.0499576   -0.480414
-0.130016   -0.12226   0.434061
0.458756   0.434579   0.324009
0.393801   0.389893   -0.0569459
0.355373   0.0734661   0.361325
0.357922   -0.162166   0.186929
0.0183626   0.0104259   0.228262
-0.375529   0.382445   -0.063961
-0.305613   -0.385398   -0.385202
-0.309321   0.190284   -0.0924055
-0.480154   -0.407236   -0.0355821
0.0328853   0.451454   -0.347593
-0.273531   0.124315   0.0159154
-0.342021   0.19629   0.0519226
-0.041698   -0.1549   -0.419479
0.100876   0.406136   -0.0691603
-0.266136   -0.308206   -0.13458
-0.339945   -0.398831   0.445792
0.284536   -0.207617   0.312044
-0.399258   -0.296676   0.247781
0.209312   0.209122   -0.133247
-0.0574869   0.362017   -0.248459
-0.0811085   -0.472124   0.347642
0.125433   -0.24172   0.301963
-0.129005   0.488183   -0.258683
0.422545   0.312301   0.116049
-0.0580582   -0.0796878   0.459608
-0.428647   -0.0223154   0.249173
-0.283669   -0.167477   0.454816
0.418276   -0.203164   -0.397428
-0.0346189   -0.442541   0.269862
0.498113   -0.454251   -0.216042
0.475261   0.457426   -0.266382
-0.0198751   0.33308   0.336922
-0.257383   -0.370029   -0.0222932
-0.402656   0.214114   0.28676
-0.199726   0.497971   0.471049
0.0425445   -0.260727   0.358918
0.0353367   -0.281248   0.0358255
0.417658   0.369741   -0.214646
-0.488873   0.026728   0.218057
-0.0656941   0.452056   0.0746581
-0.265644   -0.463105   0.084637
-0.40155   -0.473814   0.029527
-0.155442   0.357632   -0.170551
-0.472957   0.238771   0.430253
-0.4051   -0.206971   -0.239602
-0.18833   0.356066   -0.00260379
-0.165893   -0.282993   -0.134278
0.361535   -0.00825475   -0.373864
