0.295064   -0.359675   0.449085
-0.464499   -0.335005   0.0853441
-0.0690914   0.431991   -0.224949
-0.179878   0.0930956   0.145228
0.356037   -0.166027   0.0858165
-0.260025   0.0450846   0.179003
-0.375431   -0.0839947   0.398573
0.328961   0.00227044   -0.46294
0.0194835   -0.446365   -0.304488
0.0989999   0.251215   -0.239948
-0.240342   0.315804   0.379203
0.0357752   -0.324327   -0.283467
-0.155723   0.106132   0.492554
0.381116   0.0692876   -0.0584861
0.432382   -0.13601   0.0458864
-0.444908   -0.200304   -0.316143
-0.444874   -0.302675   0.327457
-0.169587   0.268083   -0.372695
-0.178181   -0.361601   -0.303461
-0.0768655   0.119261   0.23828
-0.396766   -0.143821   -0.175933
-0.102124   -0.392546   -0.432564
-0.00189663   -0.309054   0.138684
-0.122492   0.349906   -0.444155
0.0486572   -0.155451   0.369917
-0.0370948   -0.303487   -0.388434
-0.337208   -0.00997446   -0.446825
-0.228098   -0.271506   -0.345022
-0.00820765   -0.392322   -0.358475
-0.150276   -0.440804   0.409427
-0.120967   0.0207886   0.161067
0.258832   -0.482234   -0.499218
0.0837867   0.0818213   0.190366
0.450622   -0.372776   -0.113154
-0.331055   -0.21364   -0.178787
-0.195803   0.00266951   0.1123
-0.0857134   -0.208408   -0.276835
0.391439   0.14518   -0.0201146
-0.0290488   0.160729   -0.322708
0.162236   0.071566   -0.0396462
0.409398   0.10862   -0.256534
-0.0944387   0.173369   0.479372
0.0413434   -0.444951   0.0233041
-0.491468   0.017462   0.495194
-0.433559   0.492956   -0.167545
0.328091   -0.189037   -0.117627
-0.406745   -0.45159   -0.0997151
0.0202409   -0.301439   0.422699
0.38749   -0.268432   0.471317
-0.37075   0.275625   0.225587
0.0186733   -0.0659815   -0.488129
-0.087492   0.255343   -0.30631
-0.124677   0.140162   -0.316933
0.42542   0.00347654   0.202761
-0.289302   -0.159222   -0.278362
-0.293681   -0.281693   -0.281062
-0.0179772   0.00815195   0.481584
0.0684412   -0.296379   -0.125178
0.421411   0.0499492   -0.480445
-0.129988   -0.122221   0.434136
0.458768   0.434589   0.323968
0.393826   0.389863   -0.0568948
0.355419   0.0734287   0.361419
0.357912   -0.16211   0.186924
0.0184057   0.0104641   0.228229
-0.37556   0.382434   -0.0638958
-0.305662   -0.385414   -0.385197
-0.309254   0.190328   -0.0924307
-0.480163   -0.40731   -0.0355728
0.0329182   0.45143   -0.347693
-0.273534   0.124342   0.0158949
-0.342033   0.196316   0.0519242
-0.0417317   -0.155016   -0.419517
0.100851   0.406102   -0.0691631
-0.266187   -0.308225   -0.134565
-0.33989   -0.398824   0.445828
0.284586   -0.207629   0.31202
-0.399245   -0.296653   0.2478
0.209279   0.209144   -0.133165
-0.0574481   0.362032   -0.248409
-0.0810963   -0.472148   0.347591
0.125469   -0.241662   0.301875
-0.129   0.488188   -0.258731
0.422458   0.312374   0.116015
-0.0580589   -0.0796635   0.459639
-0.428607   -0.022356   0.249202
-0.283648   -0.167442   0.454821
0.418266   -0.203185   -0.397369
-0.0346153   -0.442542   0.269877
0.498104   -0.454205   -0.216039
0.475275   0.457454   -0.266394
-0.0198612   0.333074   0.336951
-0.25732   -0.370008   -0.0222108
-0.402642   0.214112   0.286781
-0.199699   0.497997   0.471058
0.0426225   -0.260789   0.358877
0.0353205   -0.281202   0.035735
0.417679   0.369749   -0.214607
-0.488993   0.0266705   0.218118
-0.0657206   0.452083   0.0746354
-0.265652   -0.463126   0.0845754
-0.401568   -0.473833   0.0294826
-0.155536   0.357641   -0.170562
-0.472949   0.23879   0.430261
-0.405116   -0.207017   -0.239564
-0.188347   0.356055   -0.00263049
-0.165924   -0.282994   -0.134324
0.361507   -0.00823856   -0.373848
