0   29.8597
1   35.9473
2   30.5356
3   27.4806
4   32.9764
5   30.2828
6   29.8855
7   31.2593
8   27.9714
9   29.1778
10   34.5923
11   28.6378
12   31.4563
13   33.1285
14   29.0748
15   34.4725
16   29.2949
17   28.9456
18   24.796
19   29.189
20   27.5267
21   30.5145
22   33.1263
23   27.4432
24   26.5637
25   27.2936
26   29.9429
27   31.8666
28   30.9279
29   31.9761
30   31.1337
31   29.8185
32   30.5766
33   33.6511
34   31.5883
35   32.2138
36   32.4183
37   33.0033
38   28.1762
39   27.7185
40   24.2258
41   30.8603
42   32.3729
43   23.3975
44   26.5577
45   29.8176
46   32.1436
47   29.7536
48   28.9763
49   32.0004
50   32.0747
51   27.7569
52   30.0617
53   30.8804
54   34.417
55   36.0622
56   31.3717
57   32.2139
58   32.7731
59   25.1081
60   27.9574
61   30.9291
62   26.0257
63   28.128
64   32.3735
65   31.4394
66   33.3745
67   27.1734
68   29.5433
69   27.3022
70   32.7055
71   34.2465
72   31.1529
73   30.3247
74   33.2702
75   31.1123
76   30.8478
77   30.2485
78   33.1003
79   27.6244
80   35.3599
81   25.0566
82   33.0816
83   34.5119
84   31.7099
85   27.612
86   26.5385
87   30.2499
88   31.1006
89   24.2028
90   23.2303
91   29.4187
92   32.4102
93   24.6997
94   24.3233
95   28.4854
96   30.0978
97   27.2835
98   29.623
99   32.5442
100   28.6513
101   23.5705
102   27.3398
103   28.2028
104   30.3537
105   31.2919
106   33.075
107   28.563
108   31.7725
109   30.5682
110   30.1153
111   27.0505
112   34.4189
113   31.0505
114   30.2922
115   32.3936
116   31.5565
117   28.7083
118   24.9246
119   23.2886
120   28.3877
121   21.1874
122   25.4182
123   33.1317
124   26.7977
125   25.4745
126   30.4969
127   32.0656
128   31.2777
129   29.0908
130   26.5275
131   34.829
132   31.3399
133   23.3374
134   29.9153
135   25.7986
136   27.2284
137   32.3243
138   29.2067
139   25.6281
140   25.7687
141   32.9385
142   29.4878
143   33.7683
144   30.6351
145   28.3806
146   35.1426
147   31.9845
148   28.3496
149   27.8495
150   27.7032
151   32.9729
152   35.4267
153   32.6167
154   28.9439
155   29.9732
156   34.3286
157   29.8877
158   25.8179
159   20.9569
160   29.1351
161   24.5462
162   28.5836
163   28.7974
164   29.2533
165   34.6742
166   25.4101
167   27.0998
168   24.6013
169   22.2932
170   20.5853
171   26.3395
172   27.0124
173   24.7719
174   23.3195
175   25.4607
176   34.9358
177   25.7838
178   24.2884
179   23.341
180   31.05
181   30.4452
182   26.617
183   27.949
184   24.1486
185   27.7391
186   31.5128
187   22.439
188   31.2213
189   28.3242
190   26.0858
191   30.5948
192   30.1059
193   32.053
194   31.4955
195   29.6782
196   27.7255
197   31.8271
198   29.1958
199   27.7338
200   27.4524
201   26.24
202   33.5587
203   23.7666
204   32.6691
205   28.1465
206   33.7407
207   33.7713
208   28.4581
209   33.4143
210   32.0517
211   30.1154
212   28.7421
213   25.1351
214   23.5129
215   28.2336
216   26.5124
217   30.4464
218   27.6075
219   26.0391
220   30.6277
221   30.666
222   24.2378
223   29.4221
224   28.6583
225   29.6032
226   29.3108
227   29.1879
228   36.8143
229   30.5988
230   25.4861
231   27.9546
232   30.2389
233   30.9761
234   30.0698
235   24.3487
236   31.7015
237   26.5682
238   30.0231
239   31.4747
240   28.3225
241   27.4189
242   30.3252
243   31.7138
244   29.24
245   27.3984
246   33.9195
247   27.0746
248   27.2228
249   30.8287
250   28.1041
251   25.3801
252   29.5154
253   31.3857
254   31.0484
255   28.994
256   34.9303
257   34.4328
258   33.3584
259   28.9523
260   31.8484
261   24.1192
262   22.6642
263   26.4245
264   27.3745
265   25.1757
266   28.549
267   25.8518
268   26.4233
269   28.536
270   25.2701
271   30.4632
272   26.7885
273   26.6314
274   26.0838
275   25.8058
276   27.6682
277   29.6747
278   32.4173
279   28.9711
280   23.6469
281   26.8782
282   23.9807
283   30.3078
284   30.4763
285   27.5888
286   24.2507
287   30.1757
288   30.3796
289   29.0222
290   25.3535
291   25.818
292   22.8182
293   30.6956
294   26.5817
295   29.4339
296   26.3353
297   23.6316
298   21.8284
299   26.8504
300   26.3047
301   28.2352
302   32.1747
303   32.5539
304   25.1949
305   27.2696
306   25.1842
307   27.1048
308   28.5041
309   29.2302
310   27.762
311   24.8166
312   28.4374
313   26.956
314   23.6162
315   24.4408
316   26.6325
317   29.1851
318   24.9321
319   24.2044
320   21.287
321   25.0333
322   23.5857
323   22.1385
324   31.7408
325   25.7046
326   26.457
327   18.5696
328   26.6134
329   29.9994
330   32.0323
331   22.5442
332   26.2445
333   25.5064
334   24.7597
335   29.8538
336   30.6244
337   22.7982
338   25.6088
339   27.0392
340   24.5132
341   30.5457
342   30.146
343   30.6314
344   30.8976
345   24.2872
346   29.6293
347   30.3356
348   30.5962
349   29.4683
350   29.3781
351   32.9569
352   24.8564
353   23.4145
354   27.5653
355   25.9995
356   23.7033
357   28.2831
358   26.7368
359   26.2377
360   22.3472
361   24.8243
362   31.8127
363   25.4994
364   25.7182
365   28.4394
366   26.1903
367   23.0184
368   23.7804
369   27.4135
370   25.8041
371   23.2906
372   23.8361
373   20.5377
374   22.4535
375   22.0391
376   24.5705
377   20.1022
378   23.1554
379   22.3841
380   25.0176
381   23.1468
382   24.2777
383   32.2084
384   24.2234
385   21.898
386   25.1026
387   22.1865
388   26.0871
389   21.3933
390   25.6087
391   24.869
392   25.1459
393   26.6325
394   30.3835
395   24.8085
396   24.2602
397   26.579
398   23.8515
399   29.366
400   37.5767
401   28.9715
402   25.7272
403   24.3899
404   24.6594
405   22.3006
406   28.2922
407   26.7868
408   23.3553
409   24.5791
410   25.7971
411   30.0571
412   27.916
413   25.8428
414   24.2371
415   21.4316
416   22.7737
417   23.1007
418   23.7605
419   22.9404
420   22.6154
421   25.3833
422   29.2018
423   27.7997
424   21.5422
425   23.4583
426   22.4889
427   30.0709
428   26.2063
429   19.5739
430   20.8476
431   23.4168
432   28.3348
433   20.1628
434   28.7653
435   27.9233
436   25.2669
437   23.5831
438   25.7894
439   26.2768
440   23.3242
441   25.8542
442   20.1508
443   24.5509
444   18.0429
445   23.5599
446   22.6403
447   24.6948
448   32.0602
449   31.6514
450   26.0625
451   29.1847
452   24.5703
453   22.4765
454   22.8891
455   30.6298
456   32.6455
457   23.6841
458   23.303
459   25.0362
460   18.9896
461   23.5096
462   26.9188
463   26.2652
464   21.9199
465   27.2587
466   24.3242
467   27.9047
468   28.9789
469   28.9492
470   27.4989
471   28.935
472   20.7968
473   27.046
474   27.525
475   33.0875
476   27.5727
477   22.8028
478   17.9282
479   18.0684
480   20.0133
481   21.2364
482   26.0096
483   24.9787
484   23.4668
485   20.1834
486   21.7062
487   24.0325
488   24.5506
489   21.0403
490   23.8135
491   24.0936
492   26.0727
493   22.6071
494   23.0097
495   25.7061
496   20.9382
497   21.7026
498   27.9043
499   21.7835
500   24.234
501   20.412
502   20.9203
503   19.2766
504   21.9652
505   24.6202
506   28.803
507   22.3557
508   21.0954
509   23.1281
510   18.5357
511   15.5592
512   20.8013
513   21.7765
514   25.1409
515   22.0246
516   25.736
517   25.246
518   32.6016
519   26.1133
520   18.4855
521   17.2605
522   20.4027
523   17.0672
524   18.0569
525   20.1895
526   19.3927
527   22.5627
528   19.1736
529   17.8502
530   20.2826
531   20.7524
532   23.1616
533   22.2813
534   27.0874
535   29.3345
536   22.4789
537   18.1742
538   17.504
539   20.1455
540   21.045
541   19.3822
542   20.8167
543   19.8924
544   24.3202
545   28.1639
546   26.4659
547   25.8721
548   23.1074
549   25.0735
550   24.1176
551   23.0111
552   21.222
553   19.5495
554   24.5276
555   21.3255
556   24.0444
557   21.6777
558   21.5079
559   22.6781
560   23.7152
561   26.5972
562   20.3944
563   26.7453
564   24.4264
565   20.5546
566   19.6623
567   22.8027
568   27.2164
569   28.0382
570   21.9785
571   20.7871
572   18.7799
573   14.4265
574   19.6712
575   20.3608
576   18.7979
577   21.0893
578   18.6955
579   17.6783
580   15.65
581   16.8055
582   21.2491
583   26.8713
584   19.7104
585   20.5303
586   18.7212
587   20.1193
588   25.5238
589   29.2158
590   20.0621
591   19.7466
592   15.8696
593   19.4994
594   25.3308
595   25.098
596   20.3521
597   18.198
598   22.2429
599   25.3325
600   21.7196
601   18.4444
602   17.5303
603   15.9364
604   14.3683
605   14.5841
606   19.0414
607   22.6305
608   24.557
609   24.8985
610   19.4727
611   17.7132
612   19.0597
613   20.4428
614   18.5814
615   18.7823
616   19.2856
617   20.5348
618   19.2457
619   16.8842
620   20.464
621   18.7383
622   16.2929
623   16.585
624   15.5931
625   16.0959
626   16.5755
627   15.4256
628   16.4575
629   14.6564
630   14.5111
631   17.3251
632   20.6293
633   20.5334
634   17.4704
635   15.4699
636   14.7252
637   13.7815
638   16.4925
639   15.2544
640   20.6813
641   19.4306
642   15.1062
643   20.9924
644   21.8621
645   20.6965
646   17.3686
647   20.5636
648   17.6601
649   19.5707
650   22.3062
651   23.095
652   21.1422
653   17.3593
654   18.7781
655   19.1666
656   20.793
657   20.7541
658   22.8378
659   17.0849
660   19.1863
661   19.2028
662   18.1522
663   18.0087
664   20.2701
665   16.1819
666   17.7818
667   18.5255
668   17.8842
669   20.0349
670   20.2993
671   17.0779
672   15.4989
673   22.7122
674   18.5382
675   19.3926
676   18.154
677   15.8567
678   17.657
679   16.2708
680   16.1451
681   19.0654
682   18.8674
683   19.6923
684   20.1599
685   20.8031
686   20.8274
687   20.2034
688   18.6448
689   19.6149
690   21.1113
691   19.6095
692   17.6273
693   15.1832
694   14.3888
695   14.5157
696   14.8994
697   14.6754
698   19.3376
699   19.7898
700   20.3469
701   20.9595
702   18.4575
703   16.8633
704   15.1279
705   15.7495
706   14.5406
707   15.1928
708   13.5705
709   15.1604
710   17.0137
711   16.2342
712   14.9292
713   14.8546
714   16.3578
715   15.6686
716   15.0826
717   16.0053
718   15.2349
719   15.077
720   15.7693
721   16.035
722   14.4558
723   15.5298
724   14.487
725   17.8492
726   16.3373
727   24.7927
728   22.8703
729   22.4647
730   21.8117
731   19.0162
732   16.7284
733   17.9669
734   16.2002
735   17.772
736   16.2062
737   15.7645
738   17.3291
739   15.2155
740   17.7178
741   15.603
742   13.4436
743   13.3173
744   12.6906
745   12.4033
746   12.7837
747   13.8306
748   16.6
749   16.0639
750   16.9961
751   18.0138
752   16.1312
753   14.3098
754   14.6985
755   14.7188
756   16.5896
757   16.7113
758   18.3023
759   18.1094
760   20.1589
761   17.3702
762   17.6119
763   14.7936
764   16.5265
765   14.6037
766   12.8292
767   13.4164
768   15.3632
769   14.2427
770   14.2441
771   17.4355
772   15.6193
773   16.3906
774   14.1414
775   14.4698
776   13.8333
777   12.8176
778   12.6611
779   13.5348
780   11.4359
781   11.3155
782   11.8638
783   11.5329
784   11.5727
785   11.6955
786   12.5526
787   13.0555
788   12.2834
789   12.0568
790   11.9339
791   11.0195
792   12.6492
793   11.4168
794   10.2005
795   11.3263
796   10.3095
797   9.19711
798   9.68552
799   9.63736
800   9.15666
801   8.29649
802   7.70143
803   7.31529
804   9.73444
805   9.77725
806   9.32959
807   9.20728
808   10.0825
809   9.98854
810   10.8901
811   11.9521
812   10.8497
813   9.3491
814   11.2315
815   12.0145
816   12.7801
817   12.0479
818   11.9683
819   11.9873
820   12.8549
821   11.5897
822   10.9525
823   10.9919
824   10.5219
825   13.9464
826   12.645
827   13.4084
828   11.6816
829   10.2307
830   10.4172
831   10.8585
832   10.3332
833   10.5356
834   10.3841
835   10.9439
836   11.0261
837   11.9362
838   11.4017
839   10.0777
840   11.4148
841   9.59409
842   8.53648
843   7.46158
844   7.32775
845   7.13397
846   7.43792
847   7.16942
848   7.74823
849   7.85085
850   7.91969
851   7.87948
852   8.58286
853   9.2967
854   8.92045
855   8.83727
856   8.84803
857   8.99726
858   8.27306
859   7.58675
860   8.44755
861   8.97008
862   9.41543
863   9.00715
864   7.43041
865   8.52263
866   7.98747
867   8.16364
868   8.30053
869   8.64987
870   9.17943
871   8.63875
872   9.30775
873   7.60947
874   8.81124
875   8.50252
876   8.65219
877   9.70982
878   8.97536
879   9.35542
880   9.41575
881   9.08042
882   9.06743
883   7.33443
884   8.08574
885   7.25894
886   6.78787
887   7.68528
888   8.20537
889   7.75517
890   7.51541
891   7.76403
892   7.5667
893   7.5667
894   6.97128
895   7.1267
896   7.47155
897   7.47291
898   7.07488
899   7.07488
900   7.61273
901   7.56114
902   7.5491
903   7.08947
904   7.16597
905   7.32224
906   7.16674
907   7.68546
908   6.98532
909   7.21476
910   7.21937
911   7.37953
912   6.76118
913   7.71654
914   7.17277
915   7.43503
916   7.35551
917   7.28192
918   7.33347
919   6.6898
920   6.61069
921   6.45326
922   6.56785
923   6.63765
924   6.34914
925   6.34914
926   6.49572
927   6.41713
928   6.32319
929   6.32319
930   6.27333
931   6.35007
932   6.19071
933   6.19033
934   6.25289
935   6.25289
936   6.25289
937   6.11359
938   6.11316
939   6.10191
940   6.10191
941   6.10154
942   6.10154
943   6.00438
944   6.0052
945   6.0052
946   6.0052
947   5.93408
948   5.93408
949   6.03411
950   6.03411
951   6.00524
952   6.00524
953   6.00524
954   6.00524
955   6.00524
956   5.95347
957   5.8819
958   5.8819
959   5.95302
960   6.02976
961   5.95864
962   5.95864
963   5.95864
964   6.13085
965   6.26196
966   6.24519
967   6.31478
968   6.31478
969   6.31478
970   6.31478
971   6.15615
972   6.15615
973   6.00828
974   6.00828
975   6.00828
976   6.00828
977   6.00828
978   6.00722
979   6.00722
980   6.00722
981   6.00722
982   6.00683
983   6.00683
984   6.00683
985   5.99478
986   5.99478
987   5.93305
988   5.9451
989   5.9451
990   5.95411
991   5.95411
992   5.94202
993   5.87194
994   5.87194
995   5.87194
996   5.87194
997   5.87194
998   5.8719
999   5.80436
