0   33.4288
1   29.6691
2   35.1224
3   31.2256
4   31.4594
5   25.9834
6   30.7265
7   24.3613
8   36.0428
9   27.1785
10   32.1012
11   37.7059
12   35.1283
13   26.1322
14   23.8359
15   30.1083
16   32.1451
17   28.7023
18   28.6081
19   22.5855
20   25.6674
21   32.667
22   30.4728
23   26.8665
24   30.3332
25   34.6611
26   35.5942
27   28.9962
28   33.9277
29   31.0074
30   27.7193
31   34.0861
32   21.9527
33   30.03
34   40.5337
35   24.093
36   31.3618
37   25.6492
38   27.8117
39   35.5688
40   37.2607
41   26.0257
42   31.2347
43   33.5434
44   30.4721
45   29.6659
46   32.686
47   30.8632
48   31.7845
49   30.2011
50   29.6779
51   30.2395
52   28.5742
53   22.0249
54   33.1672
55   36.2923
56   31.1646
57   31.8022
58   34.2297
59   28.4372
60   31.2858
61   25.075
62   27.0845
63   37.0236
64   25.5353
65   32.4249
66   27.7805
67   34.1343
68   31.6356
69   33.4599
70   32.8049
71   35.3432
72   28.08
73   27.2683
74   27.4169
75   31.4982
76   35.7559
77   30.9134
78   28.1691
79   29.0282
80   29.3563
81   28.1422
82   36.832
83   26.9796
84   26.6506
85   32.2066
86   27.8328
87   28.5569
88   32.4036
89   30.286
90   33.1722
91   30.0233
92   30.7566
93   29.1867
94   25.214
95   23.8009
96   25.9223
97   32.358
98   29.7839
99   28.9603
100   32.2512
101   31.6316
102   27.9116
103   26.2672
104   29.5705
105   28.8416
106   31.0095
107   32.0576
108   33.629
109   23.6248
110   30.2648
111   29.3382
112   29.0537
113   28.1576
114   27.5262
115   28.6602
116   25.8901
117   29.1412
118   33.2379
119   24.2405
120   30.3704
121   30.1508
122   26.059
123   29.1829
124   29.6351
125   25.7042
126   27.3459
127   34.3453
128   26.1013
129   23.2745
130   31.7893
131   30.6015
132   29.5983
133   27.1519
134   23.4073
135   26.6347
136   27.3337
137   33.756
138   28.4461
139   21.4427
140   27.6546
141   33.7122
142   30.1401
143   28.2701
144   26.8181
145   28.723
146   26.7511
147   33.4572
148   31.9938
149   34.3654
150   18.6889
151   24.9922
152   29.2923
153   31.7065
154   26.5921
155   34.2319
156   29.984
157   28.4001
158   22.2614
159   25.1524
160   31.8697
161   27.0589
162   24.2826
163   31.8375
164   29.5615
165   24.2554
166   22.314
167   32.1357
168   26.9618
169   25.725
170   27.9707
171   25.4234
172   18.4909
173   28.7084
174   27.3441
175   31.4218
176   32.9231
177   25.9801
178   27.286
179   31.4147
180   30.6668
181   29.0697
182   30.2013
183   28.4856
184   24.8204
185   30.6646
186   29.6705
187   29.1045
188   28.6552
189   31.6382
190   37.1918
191   34.2337
192   31.1306
193   29.4278
194   23.2816
195   26.1096
196   34.6316
197   30.6778
198   31.1429
199   33.2513
200   28.4528
201   29.974
202   32.6802
203   22.6369
204   26.998
205   27.9812
206   29.865
207   29.8479
208   33.2817
209   32.3787
210   27.1576
211   30.5707
212   29.8336
213   28.591
214   31.1308
215   27.6145
216   29.2277
217   28.1666
218   28.8083
219   25.2748
220   29.2091
221   25.5253
222   29.3405
223   30.4633
224   27.5286
225   35.2396
226   25.0497
227   30.0895
228   25.7812
229   26.3725
230   30.1335
231   24.6919
232   21.689
233   32.8443
234   27.2572
235   28.4028
236   35.94
237   29.7104
238   30.6835
239   24.5594
240   24.0303
241   27.9092
242   28.0661
243   28.4469
244   26.8903
245   24.0129
246   27.1137
247   24.5443
248   32.4535
249   24.9173
250   28.1954
251   33.7734
252   24.1324
253   21.4765
254   22.3342
255   26.0883
256   32.2461
257   27.716
258   29.166
259   31.0203
260   29.2281
261   23.4049
262   26.3463
263   29.1312
264   29.2266
265   31.0637
266   31.3156
267   24.7878
268   31.0824
269   23.0759
270   28.9252
271   27.104
272   25.0493
273   23.2949
274   32.5331
275   24.7634
276   20.7526
277   29.6016
278   27.4961
279   38.1268
280   39.544
281   30.7725
282   27.9275
283   30.0424
284   31.2531
285   30.9093
286   26.9011
287   28.405
288   30.301
289   26.9743
290   24.1092
291   27.4243
292   33.0365
293   28.9439
294   28.2718
295   25.2078
296   23.6089
297   27.4735
298   27.0318
299   28.0264
300   32.1866
301   35.9782
302   29.8554
303   25.1001
304   27.3413
305   37.6779
306   28.1215
307   24.1412
308   30.381
309   27.2694
310   28.7005
311   32.9606
312   34.6073
313   28.0818
314   29.4329
315   27.0192
316   27.9973
317   21.3635
318   18.6704
319   23.4837
320   29.0913
321   29.5554
322   26.5714
323   27.1272
324   19.4661
325   25.3906
326   22.318
327   30.3788
328   25.7045
329   21.7639
330   23.4459
331   31.7795
332   24.5084
333   22.8685
334   23.0393
335   29.857
336   28.903
337   26.9344
338   29.1325
339   29.1852
340   29.1672
341   30.717
342   26.9281
343   24.747
344   23.1512
345   28.3598
346   31.1975
347   31.0533
348   25.258
349   29.0391
350   27.8511
351   20.6707
352   29.2579
353   28.9435
354   28.4799
355   31.0371
356   23.8816
357   20.6303
358   25.5338
359   26.1965
360   20.6537
361   27.2302
362   26.8548
363   27.2969
364   24.1939
365   28.0345
366   25.7081
367   26.8014
368   31.8571
369   26.1489
370   28.0347
371   27.227
372   23.0761
373   24.3407
374   27.6869
375   26.434
376   24.9877
377   29.425
378   24.4335
379   20.0775
380   22.9849
381   24.5648
382   25.4897
383   20.5716
384   23.5949
385   29.8298
386   28.9723
387   27.9791
388   32.6821
389   25.6908
390   25.2888
391   21.7815
392   23.3813
393   22.8314
394   24.6656
395   19.9889
396   23.743
397   24.7787
398   24.5088
399   19.4697
400   22.5905
401   20.4243
402   21.7851
403   29.5177
404   24.5398
405   28.5212
406   30.9023
407   29.5322
408   25.4627
409   24.863
410   26.1265
411   29.6718
412   30.9145
413   32.8662
414   24.1972
415   25.2113
416   22.7926
417   24.112
418   25.5662
419   26.8371
420   21.487
421   21.3975
422   27.5688
423   25.266
424   24.1566
425   24.6592
426   32.0137
427   26.8327
428   26.4858
429   26.9489
430   23.6642
431   22.5269
432   25.3575
433   27.2522
434   29.6024
435   27.0223
436   27.7481
437   25.3666
438   25.8159
439   21.7616
440   20.2238
441   22.4557
442   26.1196
443   26.2754
444   26.3798
445   25.3903
446   25.0292
447   25.6182
448   22.01
449   23.2199
450   22.7491
451   23.9142
452   29.9045
453   28.561
454   27.9639
455   22.6879
456   19.5678
457   23.2588
458   20.9433
459   25.1172
460   20.8239
461   25.7391
462   21.2617
463   22.4969
464   23.8738
465   26.0982
466   22.7242
467   17.1083
468   16.7785
469   19.0197
470   24.1484
471   20.4633
472   18.3017
473   23.525
474   27.42
475   21.4466
476   24.2366
477   26.0045
478   21.9359
479   25.505
480   29.8591
481   21.1306
482   26.015
483   22.3253
484   22.1002
485   22.6346
486   19.8723
487   25.8657
488   19.4655
489   22.7188
490   27.5794
491   25.2364
492   26.9421
493   21.2927
494   22.7122
495   22.8194
496   24.5654
497   20.5965
498   22.6026
499   26.1764
500   31.5622
501   25.0894
502   21.9347
503   25.789
504   23.6835
505   19.3525
506   17.9697
507   20.1261
508   21.748
509   21.03
510   21.4375
511   19.429
512   20.8694
513   25.2206
514   22.7316
515   21.1866
516   20.006
517   25.289
518   25.8812
519   22.9595
520   23.5448
521   29.0972
522   26.3932
523   19.6389
524   20.0094
525   25.5966
526   25.042
527   27.7728
528   27.0208
529   23.8002
530   21.3074
531   23.0291
532   22.5643
533   20.7723
534   20.7774
535   23.6144
536   26.5292
537   26.9934
538   23.467
539   21.7875
540   20.6168
541   20.9055
542   20.0398
543   21.1519
544   19.0439
545   17.9346
546   19.0808
547   21.7388
548   20.9147
549   21.7795
550   19.5019
551   19.7838
552   25.6967
553   26.905
554   25.7176
555   23.6031
556   23.6922
557   22.9189
558   24.7268
559   18.7481
560   21.4786
561   20.9185
562   20.2121
563   23.8528
564   18.3882
565   17.0408
566   21.4917
567   19.3054
568   19.6722
569   21.9595
570   20.4581
571   16.4796
572   18.4055
573   16.2682
574   18.5554
575   19.2653
576   20.2929
577   21.973
578   23.3285
579   24.0862
580   23.544
581   22.2456
582   20.4078
583   18.4404
584   23.6174
585   24.0825
586   23.3819
587   25.913
588   23.8252
589   21.4084
590   25.5888
591   20.1797
592   17.7472
593   20.3099
594   22.4413
595   21.0294
596   19.3979
597   20.2729
598   22.0132
599   19.8716
600   18.5559
601   19.4908
602   20.2009
603   21.3849
604   26.8297
605   26.061
606   22.992
607   20.6596
608   18.1211
609   17.5851
610   14.2365
611   16.5946
612   17.7289
613   20.3625
614   23.5254
615   23.4831
616   17.8281
617   18.7593
618   17.1725
619   19.3472
620   19.6525
621   17.5155
622   20.0651
623   26.6076
624   23.7126
625   21.2445
626   18.741
627   20.6519
628   15.5187
629   19.2651
630   22.9859
631   22.6928
632   22.7996
633   24.099
634   23.8288
635   23.6763
636   15.6888
637   20.782
638   20.6218
639   17.6823
640   16.8473
641   13.0693
642   15.4692
643   18.4317
644   18.002
645   18.5192
646   18.7394
647   19.0484
648   20.0241
649   16.3441
650   15.4942
651   16.2445
652   19.3844
653   19.593
654   18.1273
655   20.8849
656   18.9986
657   15.7305
658   16.3384
659   17.0938
660   15.3945
661   18.2995
662   18.9011
663   18.1461
664   17.6575
665   18.5037
666   16.7384
667   17.2496
668   14.5247
669   16.7858
670   19.0249
671   19.4979
672   21.1893
673   24.7501
674   21.4811
675   21.4866
676   22.8219
677   16.7054
678   13.9317
679   15.9465
680   17.4576
681   15.3183
682   16.5998
683   17.3631
684   17.8702
685   19.3281
686   19.2604
687   23.1719
688   21.9911
689   22.1915
690   20.4307
691   21.6681
692   18.8191
693   24.6326
694   23.2311
695   20.1651
696   24.0122
697   19.9908
698   18.9582
699   15.8897
700   15.2782
701   18.0916
702   18.5575
703   20.6343
704   18.772
705   19.4686
706   15.0588
707   19.0364
708   17.2631
709   15.3253
710   14.4101
711   18.2209
712   21.6804
713   18.3365
714   18.8574
715   16.052
716   15.242
717   16.2608
718   15.2851
719   16.4992
720   18.3826
721   16.6646
722   16.0844
723   17.4951
724   16.9958
725   17.3919
726   17.5957
727   17.5188
728   16.9897
729   16.4109
730   17.1171
731   16.9358
732   20.7672
733   19.002
734   18.6163
735   16.4354
736   14.8423
737   16.5495
738   18.6577
739   17.9899
740   14.8821
741   14.3136
742   16.0386
743   15.5656
744   16.4628
745   15.56
746   18.0991
747   13.4869
748   12.9545
749   16.1203
750   16.1475
751   16.5995
752   16.4448
753   17.024
754   15.6039
755   14.2201
756   15.0784
757   16.1122
758   15.2765
759   15.7507
760   16.1471
761   13.7416
762   14.7561
763   15.9553
764   14.9116
765   14.3048
766   14.9323
767   15.0304
768   13.6326
769   12.521
770   12.8848
771   10.9509
772   10.8999
773   11.7796
774   12.2405
775   11.4692
776   10.7729
777   11.8829
778   12.2292
779   13.2734
780   12.7844
781   12.8473
782   13.0607
783   15.3822
784   13.8115
785   14.4248
786   14.7677
787   14.4487
788   13.921
789   13.6883
790   15.4066
791   14.7535
792   15.1603
793   15.3606
794   15.5889
795   12.897
796   11.9274
797   11.7288
798   11.4689
799   11.4036
800   10.9979
801   11.1605
802   11.1341
803   11.1417
804   12.1242
805   11.0742
806   10.906
807   12.0406
808   12.0217
809   12.1748
810   11.5701
811   11.5253
812   11.9172
813   11.318
814   11.5852
815   12.4526
816   11.9472
817   12.9511
818   11.5007
819   10.6033
820   11.5723
821   10.9569
822   11.1112
823   10.5452
824   10.4378
825   10.1036
826   9.3261
827   8.98587
828   9.04725
829   9.12975
830   8.9822
831   9.12934
832   9.29134
833   10.1785
834   10.3032
835   9.50386
836   9.47795
837   9.44893
838   9.39116
839   9.37814
840   9.24567
841   9.31995
842   8.69687
843   9.59465
844   9.46937
845   10.3696
846   12.0708
847   9.52852
848   9.36924
849   8.93182
850   8.93182
851   9.52418
852   9.52918
853   10.0335
854   10.1403
855   10.205
856   10.2283
857   10.4332
858   9.49911
859   9.49911
860   10.0086
861   10.6586
862   10.0804
863   10.0315
864   10.0315
865   9.54837
866   9.58147
867   9.19426
868   10.5402
869   10.2852
870   10.7694
871   10.6957
872   10.368
873   9.91208
874   9.94371
875   9.93294
876   10.0182
877   9.89809
878   9.72464
879   9.83408
880   9.83408
881   10.3071
882   10.1398
883   10.5784
884   10.5652
885   10.5856
886   10.1136
887   9.54898
888   9.55211
889   8.843
890   8.843
891   8.9377
892   9.17535
893   8.8239
894   8.89762
895   8.97212
896   9.34666
897   10.1726
898   10.1726
899   11.0673
900   10.6856
901   10.5898
902   11.09
903   9.29811
904   9.17685
905   9.11879
906   8.29547
907   7.86204
908   7.90237
909   7.45072
910   7.6704
911   6.82844
912   6.82844
913   6.75177
914   6.6802
915   6.87047
916   6.94721
917   7.32209
918   7.66911
919   7.42936
920   7.41211
921   6.74971
922   6.1611
923   6.08997
924   6.25014
925   6.12607
926   6.19588
927   6.19588
928   6.19588
929   6.14865
930   6.14712
931   6.14712
932   6.25912
933   6.03068
934   6.24222
935   6.31795
936   6.04337
937   6.20354
938   6.04337
939   5.87194
940   5.87194
941   5.87194
942   5.87194
943   5.87194
944   5.88403
945   5.88403
946   5.95203
947   5.893
948   5.84123
949   5.84123
950   5.84123
951   5.84123
952   5.91235
953   5.90026
954   5.90026
955   5.977
956   5.977
957   5.90046
958   5.90046
959   5.82372
960   5.75259
961   5.75259
962   5.87734
963   5.95905
964   5.95905
965   5.95905
966   5.95901
967   5.95905
968   5.97111
969   5.97026
970   6.03287
971   6.08464
972   6.08464
973   6.02288
974   6.02288
975   5.97111
976   5.97111
977   5.97111
978   5.97111
979   5.89437
980   5.89437
981   5.89437
982   5.89437
983   5.89395
984   5.89395
985   5.89395
986   5.89395
987   5.89395
988   5.89352
989   5.88149
990   5.88149
991   5.88149
992   5.88149
993   5.88149
994   5.88149
995   5.88149
996   5.75259
997   5.75259
998   5.75259
999   5.75259
