1   22.5353
2   21.8562
3   20.9982
4   20.2249
5   19.8519
6   19.343
7   19.1002
8   18.2521
9   18.1544
10   18.1544
11   16.4489
12   16.4489
13   16.3866
14   16.3866
15   16.0111
16   15.955
17   15.5334
18   15.371
19   15.2111
20   14.6762
21   14.535
22   14.1823
23   14.1823
24   14.1823
25   14.0204
26   13.8977
27   13.8977
28   13.2788
29   13.2534
30   13.2534
31   13.2534
32   13.2534
33   13.1813
34   13.1813
35   13.1795
36   13.1795
37   12.7686
38   12.5285
39   12.3769
40   12.3531
41   12.3531
42   11.9441
43   11.9441
44   11.9441
45   11.9441
46   11.9441
47   11.6984
48   11.6984
49   11.6984
50   11.6984
51   11.47
52   11.47
53   11.47
54   11.47
55   11.47
56   11.47
57   10.9614
58   10.9614
59   10.6531
60   10.6531
61   10.6531
62   10.6531
63   10.6531
64   10.6531
65   10.6531
66   10.6531
67   10.6531
68   10.6531
69   10.6531
70   10.6531
71   10.6531
72   10.6531
73   10.6456
74   10.6456
75   10.6456
76   10.6456
77   10.6456
78   10.6456
79   10.6456
80   10.6456
81   10.6456
82   10.6456
83   10.6456
84   10.6456
85   10.6456
86   10.6456
87   10.6456
88   10.6456
89   10.6456
90   10.6456
91   10.2361
92   10.2361
93   10.2361
94   10.2361
95   10.2361
96   10.2361
97   10.2361
98   10.1943
99   10.1943
100   10.1943
101   10.1943
102   10.1943
103   10.1943
104   10.1943
105   10.1943
106   10.1943
107   10.1913
108   10.1913
109   10.1913
110   10.1913
111   10.1913
112   10.1913
113   10.1913
114   10.1913
115   10.1913
116   10.1913
117   10.1913
118   10.1913
119   10.1913
120   10.1913
121   10.1913
122   10.1913
123   10.1913
124   10.1913
125   10.1913
126   10.1913
127   10.1913
128   10.1913
129   10.1913
130   10.1913
131   10.1913
132   10.1913
133   10.1913
134   10.1913
135   10.1913
136   10.1913
137   10.1913
138   10.1913
139   10.1913
140   10.1913
141   10.1913
142   10.1913
143   10.1913
144   10.0951
145   10.0951
146   10.0951
147   10.0951
148   10.0951
149   10.0951
150   10.0951
151   10.0951
152   10.0951
153   10.0951
154   10.0951
155   10.0951
156   10.0951
157   9.95755
158   9.95755
159   9.95755
160   9.95755
161   9.95755
162   9.95755
163   9.95755
164   9.95755
165   9.95755
166   9.91237
167   9.91237
168   9.91237
169   9.91237
170   9.91237
171   9.91237
172   9.91237
173   9.91237
174   9.91237
175   9.6871
176   9.6871
177   9.6871
178   9.6871
179   9.6871
180   9.6871
181   9.6871
182   9.6871
183   9.6871
184   9.6871
185   9.6871
186   9.6871
187   9.6871
188   9.6871
189   9.6871
190   9.6871
191   9.6871
192   9.6871
193   9.57509
194   9.57509
195   9.57509
196   9.57509
197   9.57509
198   9.57509
199   9.57509
200   9.57509
201   9.57509
202   9.57509
203   9.57509
204   9.57509
205   9.57509
206   9.57509
207   9.57261
208   9.57261
209   9.56244
210   9.56244
211   9.56244
212   9.56244
213   9.56244
214   9.56244
215   9.56244
216   9.56244
217   9.56244
218   9.56244
219   9.56244
220   9.56244
221   9.56244
222   9.56244
223   9.56244
224   9.56244
225   9.56244
226   9.56244
227   9.56244
228   9.56244
229   9.56244
230   9.56244
231   9.56244
232   9.56244
233   9.56244
234   9.56244
235   9.56244
236   9.56244
237   9.56244
238   9.56244
239   9.56244
240   9.56244
241   9.56244
242   9.56244
243   9.56244
244   9.56244
245   9.56244
246   9.56244
247   9.56244
248   9.56244
249   9.56244
250   9.56244
251   9.56244
252   9.56244
253   9.56244
254   9.56244
255   9.56244
256   9.56244
257   9.56244
258   9.56244
259   9.56244
260   9.56244
261   9.56244
262   9.56244
263   9.56244
264   9.56244
265   9.56244
266   9.56244
267   9.56244
268   9.56244
269   9.56244
270   9.56244
271   9.56244
272   9.56244
273   9.56244
274   9.56244
275   9.52968
276   9.52968
277   9.52968
278   9.52968
279   9.52968
280   9.52968
281   9.52968
282   9.52968
283   9.52968
284   9.38969
285   9.38969
286   9.38969
287   9.38969
288   9.38969
289   9.38969
290   9.38969
291   9.38969
292   9.38969
293   9.38969
294   9.38969
295   9.38969
296   9.37506
297   9.37506
298   9.37506
299   9.37506
300   9.37506
301   9.37506
302   9.37506
303   9.37506
304   9.37506
305   9.37506
306   9.37506
307   9.37506
308   9.37506
309   9.37506
310   9.37506
311   9.37506
312   9.37506
313   9.37506
314   9.37506
315   9.37506
316   9.37506
317   9.37506
318   9.37506
319   9.37506
320   9.37506
321   9.37506
322   9.37506
323   9.37506
324   9.37506
325   9.37506
326   9.37506
327   9.37506
328   9.37506
329   9.37506
330   9.37506
331   9.37506
332   9.37506
333   9.37506
334   9.37506
335   9.37506
336   9.37506
337   9.37506
338   9.37506
339   9.37506
340   9.37506
341   9.37506
342   9.37506
343   9.37506
344   9.37506
345   9.37506
346   9.37506
347   9.37506
348   9.37506
349   9.37506
350   9.37506
351   9.37506
352   9.37506
353   9.37506
354   9.37506
355   9.37506
356   9.37506
357   9.37506
358   9.37506
359   9.37506
360   9.37506
361   9.37506
362   9.37506
363   9.37506
364   9.37506
365   9.37506
366   9.37506
367   9.37506
368   9.37506
369   9.37506
370   9.37506
371   9.37506
372   9.37506
373   9.37506
374   9.37506
375   9.37506
376   9.37506
377   9.37506
378   9.37506
379   9.37506
380   9.37506
381   9.37506
382   9.37506
383   9.37506
384   9.37506
385   9.37506
386   9.37506
387   9.37506
388   9.37506
389   9.37506
390   9.37506
391   9.37506
392   9.37506
393   9.37506
394   9.37506
395   9.37506
396   9.37506
397   9.37506
398   9.37506
399   9.36938
400   9.36938
401   9.36938
402   9.36938
403   9.36938
404   9.36938
405   9.36938
406   9.36938
407   9.36938
408   9.36938
409   9.36938
410   9.36938
411   9.36938
412   9.36938
413   9.36938
414   9.36938
415   9.36938
416   9.36938
417   9.36938
418   9.36938
419   9.36938
420   9.36938
421   9.36938
422   9.36938
423   9.36938
424   9.36938
425   9.36938
426   9.36938
427   9.36938
428   9.36938
429   9.36938
430   9.36938
431   9.36938
432   9.36938
433   9.36938
434   9.36938
435   9.36938
436   9.36938
437   9.36938
438   9.36938
439   9.36938
440   9.36938
441   9.36938
442   9.36938
443   9.36938
444   9.36938
445   9.36938
446   9.36938
447   9.36938
448   9.36938
449   9.36938
450   9.36938
451   9.36938
452   9.36938
453   9.36938
454   9.36938
455   9.36938
456   9.36938
457   9.36938
458   9.36938
459   9.36938
460   9.36938
461   9.36938
462   9.36938
463   9.36938
464   9.36938
465   9.36938
466   9.36938
467   9.36938
468   9.36938
469   9.36938
470   9.36938
471   9.36938
472   9.36938
473   9.36938
474   9.36938
475   9.36938
476   9.36938
477   9.36938
478   9.36938
479   9.36938
480   9.36938
481   9.36938
482   9.36938
483   9.36938
484   9.36938
485   9.36938
486   9.36938
487   9.36938
488   9.36938
489   9.36938
490   9.36938
491   9.36938
492   9.36938
493   9.36938
494   9.36938
495   9.36938
496   9.36938
497   9.36938
498   9.36938
499   9.36938
500   9.36938
501   9.36938
502   9.36938
503   9.36938
504   9.36938
505   9.36938
506   9.36938
507   9.36938
508   9.36938
509   9.36938
510   9.36938
511   9.36938
512   9.36938
513   9.36938
514   9.36938
515   9.36938
516   9.36938
517   9.36938
518   9.36938
519   9.36938
520   9.36938
521   9.36938
522   9.36938
523   9.36938
524   9.36938
525   9.36938
526   9.36938
527   9.36938
528   9.36938
529   9.36938
530   9.36938
531   9.36938
532   9.36938
533   9.36938
534   9.36938
535   9.36938
536   9.36938
537   9.36938
538   9.36938
539   9.36938
540   9.36938
541   9.36938
542   9.36938
543   9.36938
544   9.36938
545   9.36938
546   9.36938
547   9.36938
548   9.36938
549   9.36938
550   9.36938
551   9.36938
552   9.36938
553   9.36938
554   9.36938
555   9.36938
556   9.36938
557   9.36938
558   9.36938
559   9.36938
560   9.36938
561   9.36938
562   9.36938
563   9.36938
564   9.36938
565   9.36938
566   9.36938
567   9.36938
568   9.36938
569   9.36938
570   9.36938
571   9.36938
572   9.36938
573   9.36938
574   9.36938
575   9.36938
576   9.36938
577   9.36938
578   9.36938
579   9.36938
580   9.36938
581   9.36938
582   9.36938
583   9.36938
584   9.36938
585   9.36938
586   9.36938
587   9.36938
588   9.36938
589   9.36938
590   9.36938
591   9.36938
592   9.36938
593   9.36938
594   9.36938
595   9.36938
596   9.36938
597   9.36938
598   9.36938
599   9.36938
600   9.36938
601   9.36938
602   9.36938
603   9.36938
604   9.36938
605   9.36938
606   9.36938
607   9.36938
608   9.36938
609   9.36938
610   9.36938
611   9.36938
612   9.36938
613   9.36938
614   9.36938
615   9.36938
616   9.36938
617   9.36938
618   9.36938
619   9.36938
620   9.36938
621   9.36938
622   9.36938
623   9.36938
624   9.36938
625   9.36938
626   9.36938
627   9.36938
628   9.36938
629   9.36938
630   9.36938
631   9.36938
632   9.36938
633   9.36938
634   9.36938
635   9.36938
636   9.36938
637   9.36938
638   9.36938
639   9.36938
640   9.36938
641   9.36938
642   9.36938
643   9.36938
644   9.36938
645   9.36938
646   9.36938
647   9.36938
648   9.36938
649   9.36938
650   9.36938
651   9.36938
652   9.36938
653   9.36938
654   9.36938
655   9.36938
656   9.36938
657   9.36938
658   9.36938
659   9.36938
660   9.36938
661   9.36938
662   9.36938
663   9.36938
664   9.36938
665   9.36938
666   9.36938
667   9.36938
668   9.36938
669   9.36938
670   9.36938
671   9.36938
672   9.36938
673   9.36938
674   9.36938
675   9.36938
676   9.36938
677   9.36938
678   9.36938
679   9.36938
680   9.36938
681   9.36938
682   9.36938
683   9.36938
684   9.36938
685   9.36938
686   9.36938
687   9.36938
688   9.36938
689   9.36938
690   9.36938
691   9.36938
692   9.36938
693   9.36938
694   9.36938
695   9.36938
696   9.36938
697   9.36938
698   9.36938
699   9.36938
700   9.36938
701   9.36938
702   9.36938
703   9.36938
704   9.36938
705   9.36938
706   9.36938
707   9.36938
708   9.36938
709   9.36938
710   9.36938
711   9.36938
712   9.36938
713   9.36938
714   9.36938
715   9.36938
716   9.36938
717   9.36938
718   9.36938
719   9.36938
720   9.36938
721   9.36938
722   9.36938
723   9.36938
724   9.36938
725   9.36938
726   9.36938
727   9.36938
728   9.36938
729   9.36938
730   9.36938
731   9.36938
732   9.36938
733   9.36938
734   9.36938
735   9.36938
736   9.36938
737   9.36938
738   9.36938
739   9.36938
740   9.36938
741   9.36938
742   9.36938
743   9.36938
744   9.36938
745   9.36938
746   9.36938
747   9.36938
748   9.36938
749   9.36938
750   9.36938
751   9.36938
752   9.36938
753   9.36938
754   9.36938
755   9.36938
756   9.36938
757   9.36938
758   9.36938
759   9.36938
760   9.36938
761   9.36938
762   9.36938
763   9.36938
764   9.36938
765   9.36938
766   9.36938
767   9.36938
768   9.36938
769   9.36938
770   9.36938
771   9.36938
772   9.36938
773   9.36938
774   9.36938
775   9.36938
776   9.36938
777   9.36938
778   9.36938
779   9.36938
780   9.36938
781   9.36938
782   9.36938
783   9.36938
784   9.36938
785   9.36938
786   9.36938
787   9.36938
788   9.36938
789   9.36938
790   9.36938
791   9.36938
792   9.36938
793   9.36938
794   9.36938
795   9.36938
796   9.36938
797   9.36938
798   9.36938
799   9.36938
800   9.36938
801   9.36938
802   9.36938
803   9.36938
804   9.36938
805   9.36938
806   9.36938
807   9.36938
808   9.36938
809   9.36938
810   9.36938
811   9.36938
812   9.36938
813   9.36938
814   9.36938
815   9.36938
816   9.36938
817   9.36938
818   9.36938
819   9.36938
820   9.36938
821   9.36938
822   9.36938
823   9.36938
824   9.36938
825   9.36938
826   9.36938
827   9.36938
828   9.36938
829   9.36938
830   9.36938
831   9.36938
832   9.36938
833   9.36938
834   9.36938
835   9.36938
836   9.36938
837   9.36938
838   9.36938
839   9.36938
840   9.36938
841   9.36938
842   9.36938
843   9.36938
844   9.36938
845   9.36938
846   9.36938
847   9.36938
848   9.36938
849   9.36938
850   9.36938
851   9.36938
852   9.36938
853   9.36938
854   9.36938
855   9.36938
856   9.36938
857   9.36938
858   9.36938
859   9.36938
860   9.36938
861   9.36938
862   9.36938
863   9.36938
864   9.36938
865   9.36938
866   9.36938
867   9.36938
868   9.36938
869   9.36938
870   9.36938
871   9.36938
872   9.36938
873   9.36938
874   9.36938
875   9.36938
876   9.36938
877   9.36938
878   9.36938
879   9.36938
880   9.36938
881   9.36938
882   9.36938
883   9.36938
884   9.36938
885   9.36938
886   9.36938
887   9.36938
888   9.36938
889   9.36938
890   9.36938
891   9.36938
892   9.36938
893   9.36938
894   9.36938
895   9.36938
896   9.36938
897   9.36938
898   9.36938
899   9.36938
900   9.36938
901   9.36938
902   9.36938
903   9.36938
904   9.36938
905   9.36938
906   9.36938
907   9.36938
908   9.36938
909   9.36938
910   9.36938
911   9.36938
912   9.36938
913   9.36938
914   9.36938
915   9.36938
916   9.36938
917   9.36938
918   9.36938
919   9.36938
920   9.36938
921   9.36938
922   9.36938
923   9.36938
924   9.36938
925   9.36938
926   9.36938
927   9.36938
928   9.36938
929   9.36938
930   9.36938
931   9.36938
932   9.36938
933   9.36938
934   9.36938
935   9.36938
936   9.36938
937   9.36938
938   9.36938
939   9.36938
940   9.36938
941   9.36938
942   9.36938
943   9.36938
944   9.36938
945   9.36938
946   9.36938
947   9.36938
948   9.36938
949   9.36938
950   9.36938
951   9.36938
952   9.36938
953   9.36938
954   9.36938
955   9.36938
956   9.36938
957   9.36938
958   9.36938
959   9.36938
960   9.36938
961   9.36938
962   9.36938
963   9.36938
964   9.36938
965   9.36938
966   9.36938
967   9.36938
968   9.36938
969   9.36938
970   9.36938
971   9.36938
972   9.36938
973   9.36938
974   9.36938
975   9.36938
976   9.36938
977   9.36938
978   9.36938
979   9.36938
980   9.36938
981   9.36938
982   9.36938
983   9.36938
984   9.36938
985   9.36938
986   9.36938
987   9.36938
988   9.36938
989   9.36938
990   9.36938
991   9.36938
992   9.36938
993   9.36938
994   9.36938
995   9.36938
996   9.36938
997   9.36938
998   9.36938
999   9.36938
1000   9.36938
1001   9.36938
1002   9.36938
1003   9.36938
1004   9.36938
1005   9.36938
1006   9.36938
1007   9.36938
1008   9.36938
1009   9.36938
1010   9.36938
1011   9.36938
1012   9.36938
1013   9.36938
1014   9.36938
1015   9.36938
1016   9.36938
1017   9.36938
1018   9.36938
1019   9.36938
1020   9.36938
1021   9.36938
1022   9.36938
1023   9.36938
1024   9.36938
1025   9.36938
1026   9.36938
1027   9.36938
1028   9.36938
1029   9.36938
1030   9.36938
1031   9.36938
1032   9.36938
1033   9.36938
1034   9.36938
1035   9.36938
1036   9.36938
1037   9.36938
1038   9.36938
1039   9.36938
1040   9.36938
1041   9.36938
1042   9.36938
1043   9.36938
1044   9.36938
1045   9.36938
1046   9.36938
1047   9.36938
1048   9.36938
1049   9.36938
1050   9.36938
1051   9.36938
1052   9.36938
1053   9.36938
1054   9.36938
1055   9.36938
1056   9.36938
1057   9.36938
1058   9.36938
1059   9.36938
1060   9.36938
1061   9.36938
1062   9.36938
1063   9.36938
1064   9.36938
1065   9.36938
1066   9.36938
1067   9.36938
1068   9.36938
1069   9.36938
1070   9.36938
1071   9.36938
1072   9.36938
1073   9.36938
1074   9.36938
1075   9.36938
1076   9.36938
1077   9.36938
1078   9.36938
1079   9.36938
1080   9.36938
1081   9.36938
1082   9.36938
1083   9.36938
1084   9.36938
1085   9.36938
1086   9.36938
1087   9.36938
1088   9.36938
1089   9.36938
1090   9.36938
1091   9.36938
1092   9.36938
1093   9.36938
1094   9.36938
1095   9.36938
1096   9.36938
1097   9.36938
1098   9.26498
1099   9.26498
1100   9.26498
1101   9.26498
1102   9.26498
1103   9.26498
1104   9.26498
1105   9.26498
1106   9.26498
1107   9.26498
1108   9.26498
1109   9.26498
1110   9.26498
1111   9.26498
1112   9.26498
1113   9.26498
1114   9.26498
1115   9.26498
1116   9.26498
1117   9.26498
1118   9.26498
1119   9.26498
1120   9.26498
1121   9.26498
1122   9.26498
1123   9.26498
1124   9.26498
1125   9.26498
1126   9.26498
1127   9.26498
1128   9.26498
1129   9.26498
1130   9.26498
1131   9.26498
1132   9.26498
1133   9.26498
1134   9.26498
1135   9.26498
1136   9.26498
1137   9.26498
1138   9.26498
1139   9.26498
1140   9.26498
1141   9.26498
1142   9.26498
1143   9.26498
1144   9.26498
1145   9.26498
1146   9.26498
1147   9.26498
1148   9.26498
1149   9.26498
1150   9.26498
1151   9.26498
1152   9.26498
1153   9.26498
1154   9.26498
1155   9.26498
1156   9.26498
1157   9.26498
1158   9.26498
1159   9.26498
1160   9.26498
1161   9.26498
1162   9.26498
1163   9.26498
1164   9.26498
1165   9.26498
1166   9.26498
1167   9.26498
1168   9.26498
1169   9.26498
1170   9.26498
1171   9.26498
1172   9.26498
1173   9.26498
1174   9.26498
1175   9.26498
1176   9.26498
1177   9.26498
1178   9.26498
1179   9.26498
1180   9.26498
1181   9.26498
1182   9.26498
1183   9.26498
1184   9.26498
1185   9.26498
1186   9.26498
1187   9.26498
1188   9.26498
1189   9.26498
1190   9.26498
1191   9.26498
1192   9.26498
1193   9.26498
1194   9.26498
1195   9.26498
1196   9.26498
1197   9.26498
1198   9.26498
1199   9.26498
1200   9.26498
1201   9.26498
1202   9.26498
1203   9.26498
1204   9.26498
1205   9.26498
1206   9.26498
1207   9.26498
1208   9.26498
1209   9.26498
1210   9.26498
1211   9.26498
1212   9.26498
1213   9.26498
1214   9.26498
1215   9.26498
1216   9.26498
1217   9.26498
1218   9.26498
1219   9.26498
1220   9.26498
1221   9.26498
1222   9.26498
1223   9.26498
1224   9.26498
1225   9.26498
1226   9.26498
1227   9.26498
1228   9.26498
1229   9.26498
1230   9.26498
1231   9.26498
1232   9.26498
1233   9.26498
1234   9.26498
1235   9.26498
1236   9.26498
1237   9.26498
1238   9.26498
1239   9.26498
1240   9.26498
1241   9.26498
1242   9.26498
1243   9.26498
1244   9.26498
1245   9.26498
1246   9.26498
1247   9.26498
1248   9.26498
1249   9.26498
1250   9.26498
1251   9.26498
1252   9.26498
1253   9.26498
1254   9.26498
1255   9.26498
1256   9.26498
1257   9.26498
1258   9.26498
1259   9.26498
1260   9.26498
1261   9.26498
1262   9.26498
1263   9.26498
1264   9.26498
1265   9.26498
1266   9.26498
1267   9.26498
1268   9.26498
1269   9.26498
1270   9.26498
1271   9.26498
1272   9.26498
1273   9.26498
1274   9.26498
1275   9.26498
1276   9.26498
1277   9.26498
1278   9.26498
1279   9.26498
1280   9.26498
1281   9.26498
1282   9.26498
1283   9.26498
1284   9.26498
1285   9.26498
1286   9.26498
1287   9.26498
1288   9.26498
1289   9.26498
1290   9.26498
1291   9.26498
1292   9.26498
1293   9.26498
1294   9.26498
1295   9.26498
1296   9.26498
1297   9.26498
1298   9.26498
1299   9.26498
1300   9.26498
1301   9.26498
1302   9.26498
1303   9.26498
1304   9.26498
1305   9.26498
1306   9.26498
1307   9.26498
1308   9.26498
1309   9.26498
1310   9.26498
1311   9.26498
1312   9.26498
1313   9.26498
1314   9.26498
1315   9.26498
1316   9.26498
1317   9.26498
1318   9.26498
1319   9.26498
1320   9.26498
1321   9.26498
1322   9.26498
1323   9.26498
1324   9.26498
1325   9.26498
1326   9.26498
1327   9.26498
1328   9.26498
1329   9.26498
1330   9.26498
1331   9.26498
1332   9.26498
1333   9.26498
1334   9.26498
1335   9.26498
1336   9.26498
1337   9.26498
1338   9.26498
1339   9.26498
1340   9.26498
1341   9.26498
1342   9.26498
1343   9.26498
1344   9.26498
1345   9.26498
1346   9.26498
1347   9.26498
1348   9.26498
1349   9.26498
1350   9.26498
1351   9.26498
1352   9.26498
1353   9.26498
1354   9.26498
1355   9.26498
1356   9.26498
1357   9.26498
1358   9.26498
1359   9.26498
1360   9.26498
1361   9.26498
1362   9.26498
1363   9.26498
1364   9.26498
1365   9.26498
1366   9.26498
1367   9.26498
1368   9.26498
1369   9.26498
1370   9.26498
1371   9.26498
1372   9.26498
1373   9.26498
1374   9.26498
1375   9.26498
1376   9.26498
1377   9.26498
1378   9.26498
1379   9.26498
1380   9.26498
1381   9.26498
1382   9.26498
1383   9.26498
1384   9.26498
1385   9.26498
1386   9.26498
1387   9.26498
1388   9.26498
1389   9.26498
1390   9.26498
1391   9.26498
1392   9.26498
1393   9.26498
1394   9.26498
1395   9.26498
1396   9.26498
1397   9.26498
1398   9.26498
1399   9.26498
1400   9.26498
1401   9.26498
1402   9.26498
1403   9.26498
1404   9.26498
1405   9.26498
1406   9.26498
1407   9.26498
1408   9.26498
1409   9.26498
1410   9.26498
1411   9.26498
1412   9.26498
1413   9.26498
1414   9.26498
1415   9.26498
1416   9.26498
1417   9.26498
1418   9.26498
1419   9.26498
1420   9.26498
1421   9.26498
1422   9.26498
1423   9.26498
1424   9.26498
1425   9.26498
1426   9.26498
1427   9.26498
1428   9.26498
1429   9.26498
1430   9.26498
1431   9.26498
1432   9.26498
1433   9.26498
1434   9.26498
1435   9.26498
1436   9.26498
1437   9.26498
1438   9.26498
1439   9.26498
1440   9.26498
1441   9.26498
1442   9.26498
1443   9.26498
1444   9.26498
1445   9.26498
1446   9.26498
1447   9.26498
1448   9.26498
1449   9.26498
1450   9.26498
1451   9.26498
1452   9.26498
1453   9.26498
1454   9.26498
1455   9.26498
1456   9.26498
1457   9.26498
1458   9.26498
1459   9.26498
1460   9.26498
1461   9.26498
1462   9.26498
1463   9.26498
1464   9.26498
1465   9.26498
1466   9.26498
1467   9.26498
1468   9.26498
1469   9.26498
1470   9.26498
1471   9.26498
1472   9.26498
1473   9.26498
1474   9.26498
1475   9.26498
1476   9.26498
1477   9.26498
1478   9.26498
1479   9.26498
1480   9.26498
1481   9.26498
1482   9.26498
1483   9.26498
1484   9.26498
1485   9.26498
1486   9.26498
1487   9.26498
1488   9.26498
1489   9.26498
1490   9.26498
1491   9.26498
1492   9.26498
1493   9.26498
1494   9.26498
1495   9.26498
1496   9.26498
1497   9.26498
1498   9.26498
1499   9.26498
1500   9.26498
1501   9.26498
1502   9.26498
1503   9.26498
1504   9.26498
1505   9.26498
1506   9.26498
1507   9.26498
1508   9.26498
1509   9.26498
1510   9.26498
1511   9.26498
1512   9.26498
1513   9.26498
1514   9.26498
1515   9.26498
1516   9.26498
1517   9.26498
1518   9.26498
1519   9.26498
1520   9.26498
1521   9.26498
1522   9.26498
1523   9.26498
1524   9.26498
1525   9.26498
1526   9.26498
1527   9.26498
1528   9.26498
1529   9.26498
1530   9.26498
1531   9.26498
1532   9.26498
1533   9.26498
1534   9.26498
1535   9.26498
1536   9.26498
1537   9.26498
1538   9.26498
1539   9.26498
1540   9.26498
1541   9.26498
1542   9.26498
1543   9.26498
1544   9.26498
1545   9.26498
1546   9.26498
1547   9.26498
1548   9.26498
1549   9.26498
1550   9.26498
1551   9.26498
1552   9.26498
1553   9.26498
1554   9.26498
1555   9.26498
1556   9.26498
1557   9.26498
1558   9.26498
1559   9.26498
1560   9.26498
1561   9.26498
1562   9.26498
1563   9.26498
1564   9.26498
1565   9.26498
1566   9.26498
1567   9.26498
1568   9.26498
1569   9.26498
1570   9.26498
1571   9.26498
1572   9.26498
1573   9.26498
1574   9.26498
1575   9.26498
1576   9.26498
1577   9.26498
1578   9.26498
1579   9.26498
1580   9.26498
1581   9.26498
1582   9.26498
1583   9.26498
1584   9.26498
1585   9.26498
1586   9.26498
1587   9.26498
1588   9.26498
1589   9.26498
1590   9.26498
1591   9.26498
1592   9.26498
1593   9.26498
1594   9.26498
1595   9.26498
1596   9.26498
1597   9.26498
1598   9.26498
1599   9.26498
1600   9.26498
1601   9.26498
1602   9.26498
1603   9.26498
1604   9.26498
1605   9.26498
1606   9.26498
1607   9.26498
1608   9.26498
1609   9.26498
1610   9.26498
1611   9.26498
1612   9.26498
1613   9.26498
1614   9.26498
1615   9.26498
1616   9.26498
1617   9.26498
1618   9.26498
1619   9.26498
1620   9.26498
1621   9.26498
1622   9.26498
1623   9.26498
1624   9.26498
1625   9.26498
1626   9.26498
1627   9.26498
1628   9.26498
1629   9.26498
1630   9.26498
1631   9.26498
1632   9.26498
1633   9.26498
1634   9.26498
1635   9.26498
1636   9.26498
1637   9.26498
1638   9.26498
1639   9.26498
1640   9.26498
1641   9.26498
1642   9.26498
1643   9.26498
1644   9.26498
1645   9.26498
1646   9.26498
1647   9.26498
1648   9.26498
1649   9.26498
1650   9.26498
1651   9.26498
1652   9.26498
1653   9.26498
1654   9.26498
1655   9.26498
1656   9.26498
1657   9.26498
1658   9.26498
1659   9.26498
1660   9.26498
1661   9.26498
1662   9.26498
1663   9.26498
1664   9.26498
1665   9.26498
1666   9.26498
1667   9.26498
1668   9.26498
1669   9.26498
1670   9.26498
1671   9.26498
1672   9.26498
1673   9.26498
1674   9.26498
1675   9.26498
1676   9.26498
1677   9.26498
1678   9.26498
1679   9.26498
1680   9.26498
1681   9.26498
1682   9.26498
1683   9.26498
1684   9.26498
1685   9.26498
1686   9.26498
1687   9.26498
1688   9.26498
1689   9.26498
1690   9.26498
1691   9.26498
1692   9.26498
1693   9.26498
1694   9.26498
1695   9.26498
1696   9.26498
1697   9.26498
1698   9.26498
1699   9.26498
1700   9.26498
1701   9.26498
1702   9.26498
1703   9.26498
1704   9.26498
1705   9.26498
1706   9.26498
1707   9.26498
1708   9.26498
1709   9.26498
1710   9.26498
1711   9.26498
1712   9.26498
1713   9.26498
1714   9.26498
1715   9.26498
1716   9.26498
1717   9.26498
1718   9.26498
1719   9.26498
1720   9.26498
1721   9.26498
1722   9.26498
1723   9.26498
1724   9.26498
1725   9.26498
1726   9.26498
1727   9.26498
1728   9.26498
1729   9.26498
1730   9.26498
1731   9.26498
1732   9.26498
1733   9.26498
1734   9.26498
1735   9.26498
1736   9.26498
1737   9.26498
1738   9.26498
1739   9.26498
1740   9.26498
1741   9.26498
1742   9.26498
1743   9.26498
1744   9.26498
1745   9.26498
1746   9.26498
1747   9.26498
1748   9.26498
1749   9.26498
1750   9.26498
1751   9.26498
1752   9.26498
1753   9.26498
1754   9.26498
1755   9.26498
1756   9.26498
1757   9.26498
1758   9.26498
1759   9.26498
1760   9.26498
1761   9.26498
1762   9.26498
1763   9.26498
1764   9.26498
1765   9.26498
1766   9.26498
1767   9.26498
1768   9.26498
1769   9.26498
1770   9.26498
1771   9.26498
1772   9.26498
1773   9.26498
1774   9.26498
1775   9.26498
1776   9.26498
1777   9.26498
1778   9.26498
1779   9.26498
1780   9.26498
1781   9.26498
1782   9.26498
1783   9.26498
1784   9.26498
1785   9.26498
1786   9.26498
1787   9.26498
1788   9.26498
1789   9.26498
1790   9.26498
1791   9.26498
1792   9.26498
1793   9.26498
1794   9.26498
1795   9.26498
1796   9.26498
1797   9.26498
1798   9.26498
1799   9.26498
1800   9.26498
1801   9.26498
1802   9.26498
1803   9.26498
1804   9.26498
1805   9.26498
1806   9.26498
1807   9.26498
1808   9.26498
1809   9.26498
1810   9.26498
1811   9.26498
1812   9.26498
1813   9.26498
1814   9.26498
1815   9.26498
1816   9.26498
1817   9.26498
1818   9.26498
1819   9.26498
1820   9.26498
1821   9.26498
1822   9.26498
1823   9.26498
1824   9.26498
1825   9.26498
1826   9.26498
1827   9.26498
1828   9.26498
1829   9.26498
1830   9.26498
1831   9.26498
1832   9.26498
1833   9.26498
1834   9.26498
1835   9.26498
1836   9.26498
1837   9.26498
1838   9.26498
1839   9.26498
1840   9.26498
1841   9.26498
1842   9.26498
1843   9.26498
1844   9.26498
1845   9.26498
1846   9.26498
1847   9.26498
1848   9.26498
1849   9.26498
1850   9.26498
1851   9.26498
1852   9.26498
1853   9.26498
1854   9.26498
1855   9.26498
1856   9.26498
1857   9.26498
1858   9.26498
1859   9.26498
1860   9.26498
1861   9.26498
1862   9.26498
1863   9.26498
1864   9.26498
1865   9.26498
1866   9.26498
1867   9.26498
1868   9.26498
1869   9.26498
1870   9.26498
1871   9.26498
1872   9.26498
1873   9.26498
1874   9.26498
1875   9.26498
1876   9.26498
1877   9.26498
1878   9.26498
1879   9.26498
1880   9.26498
1881   9.26498
1882   9.26498
1883   9.26498
1884   9.26498
1885   9.26498
1886   9.26498
1887   9.26498
1888   9.26498
1889   9.26498
1890   9.26498
1891   9.26498
1892   9.26498
1893   9.26498
1894   9.26498
1895   9.26498
1896   9.26498
1897   9.26498
1898   9.26498
1899   9.26498
1900   9.26498
1901   9.26498
1902   9.26498
1903   9.26498
1904   9.26498
1905   9.26498
1906   9.26498
1907   9.26498
1908   9.26498
1909   9.26498
1910   9.26498
1911   9.26498
1912   9.26498
1913   9.26498
1914   9.26498
1915   9.26498
1916   9.26498
1917   9.26498
1918   9.26498
1919   9.26498
1920   9.26498
1921   9.26498
1922   9.26498
1923   9.26498
1924   9.26498
1925   9.26498
1926   9.26498
1927   9.26498
1928   9.26498
1929   9.26498
1930   9.26498
1931   9.26498
1932   9.26498
1933   9.26498
1934   9.26498
1935   9.26498
1936   9.26498
1937   9.26498
1938   9.26498
1939   9.26498
1940   9.26498
1941   9.26498
1942   9.26498
1943   9.26498
1944   9.26498
1945   9.26498
1946   9.26498
1947   9.26498
1948   9.26498
1949   9.26498
1950   9.26498
1951   9.26498
1952   9.26498
1953   9.26498
1954   9.26498
1955   9.26498
1956   9.26498
1957   9.26498
1958   9.26498
1959   9.26498
1960   9.26498
1961   9.26498
1962   9.26498
1963   9.26498
1964   9.26498
1965   9.26498
1966   9.26498
1967   9.26498
1968   9.26498
1969   9.26498
1970   9.26498
1971   9.26498
1972   9.26498
1973   9.26498
1974   9.26498
1975   9.26498
1976   9.26498
1977   9.26498
1978   9.26498
1979   9.26498
1980   9.26498
1981   9.26498
1982   9.26498
1983   9.26498
1984   9.26498
1985   9.26498
1986   9.26498
1987   9.26498
1988   9.26498
1989   9.26498
1990   9.26498
1991   9.26498
1992   9.26498
1993   9.26498
1994   9.26498
1995   9.26498
1996   9.26498
1997   9.26498
1998   9.26498
1999   9.26498
2000   9.26498
