1   25.2918
2   24.2227
3   23.2095
4   22.5996
5   21.8953
6   21.4514
7   21.0581
8   20.4261
9   19.8196
10   19.2543
11   19.0979
12   18.8057
13   18.0213
14   17.8993
15   17.3337
16   17.0301
17   16.8059
18   16.6422
19   16.5751
20   16.2685
21   16.2006
22   15.6467
23   15.5337
24   15.3045
25   14.9912
26   14.8349
27   14.7046
28   14.7728
29   14.4113
30   14.4049
31   14.2433
32   14.2721
33   14.1131
34   14.0333
35   13.8266
36   13.8363
37   13.541
38   13.3506
39   13.4042
40   13.6254
41   13.1594
42   13.0877
43   12.8381
44   12.6343
45   12.6355
46   12.7644
47   12.7469
48   13.162
49   13.0208
50   13.0475
51   12.5003
52   12.4803
53   12.2705
54   12.1982
55   12.0972
56   12.2526
57   12.2763
58   12.2025
59   12.1798
60   12.0869
61   11.8336
62   11.6471
63   11.7786
64   11.7292
65   11.3644
66   11.2205
67   10.9848
68   10.7732
69   10.8538
70   10.8753
71   10.9623
72   10.9254
73   10.8465
74   10.8696
75   11.1152
76   11.1537
77   11.1347
78   10.8045
79   10.6805
80   10.8282
81   11.0055
82   11.1014
83   11.025
84   11.3089
85   10.9668
86   11.3457
87   11.2958
88   11.3495
89   11.5007
90   11.083
91   11.305
92   11.5852
93   11.8348
94   11.9082
95   12.0344
96   11.8833
97   11.7141
98   11.6233
99   10.9761
100   11.1979
101   11.2297
102   11.4517
103   11.2651
104   10.6607
105   10.7876
106   10.9597
107   10.7729
108   10.682
109   10.476
110   10.7019
111   10.8582
112   10.5122
113   10.4165
114   10.7354
115   10.675
116   10.418
117   10.4705
118   10.6914
119   10.7981
120   11.1191
121   10.7417
122   10.5347
123   10.6965
124   10.9897
125   10.6683
126   10.8151
127   11
128   11.2054
129   11.1258
130   10.9872
131   10.856
132   10.9278
133   11.2886
134   10.9048
135   10.8727
136   11.1202
137   11.0705
138   10.9551
139   10.861
140   10.5062
141   10.4983
142   10.843
143   10.4684
144   10.4452
145   10.4292
146   10.4213
147   10.3508
148   10.3278
149   10.3572
150   10.3562
151   10.2881
152   10.2023
153   10.3294
154   10.2502
155   10.3471
156   10.5144
157   10.5105
158   10.4938
159   10.1582
160   10.2821
161   10.5399
162   10.1471
163   10.2906
164   10.3569
165   10.4697
166   10.4762
167   10.6096
168   10.632
169   10.6591
170   10.3566
171   10.5277
172   10.4077
173   10.5034
174   10.3273
175   10.1476
176   10.528
177   10.774
178   11.0239
179   10.5693
180   10.5821
181   10.1261
182   10.0315
183   10.0239
184   9.78692
185   9.77421
186   9.98583
187   10.0462
188   10.1448
189   10.4568
190   10.1849
191   10.1801
192   10.1029
193   10.1323
194   10.2038
195   9.85594
196   9.78266
197   9.75482
198   9.66304
199   9.77436
200   9.94614
201   9.79209
202   9.68931
203   9.83841
204   9.84343
205   9.6522
206   9.65099
207   10.0309
208   10.1505
209   9.87386
210   9.75484
211   9.81715
212   10.0527
213   10.005
214   9.87848
215   9.89811
216   9.88671
217   9.96571
218   10.3112
219   10.2356
220   10.1004
221   10.2832
222   10.356
223   10.2181
224   9.86013
225   9.91235
226   9.92946
227   10.1524
228   10.0701
229   10.1816
230   10.2598
231   10.1211
232   9.95916
233   10.314
234   10.2933
235   10.3236
236   10.2197
237   10.2832
238   9.89373
239   10.1558
240   10.1314
241   9.96112
242   9.74405
243   9.98587
244   9.76139
245   9.6934
246   9.78149
247   9.86037
248   9.99247
249   9.7741
250   9.68145
251   9.75133
252   10.0253
253   9.99755
254   10.0382
255   9.95805
256   10.3944
257   10.607
258   10.3048
259   9.96907
260   9.81619
261   9.97455
262   10.0298
263   10.3165
264   10.0656
265   10.2816
266   10.3486
267   10.5305
268   9.94612
269   9.98931
270   10.3493
271   10.226
272   10.6392
273   10.4156
274   10.3309
275   10.2747
276   9.70472
277   9.93826
278   10.0947
279   10.5126
280   10.4558
281   10.1744
282   10.2333
283   10.2611
284   9.80488
285   9.94958
286   9.76652
287   10.0236
288   10.4302
289   10.0343
290   10.2379
291   10.4275
292   10.1819
293   10.3114
294   9.97541
295   10.2181
296   10.2735
297   10.4077
298   10.1893
299   10.4567
300   10.1221
301   10.0478
302   9.93135
303   9.89735
304   9.83178
305   9.9113
306   9.89728
307   9.96645
308   9.82596
309   9.75706
310   9.89715
311   9.82261
312   9.81919
313   10.0207
314   10.0105
315   9.77116
316   9.59705
317   9.64697
318   9.67099
319   9.89173
320   10.1942
321   9.87996
322   9.71179
323   10.0563
324   9.70979
325   9.94622
326   10.0561
327   10.2133
328   10.1245
329   10.0914
330   10.0624
331   10.0005
332   10.3329
333   10.07
334   9.68534
335   9.75607
336   9.74953
337   10.0163
338   9.95577
339   9.70494
340   9.5672
341   9.69361
342   9.92481
343   9.82003
344   10.0062
345   10.1899
346   9.84358
347   9.73287
348   9.80154
349   9.83524
350   9.85951
351   9.73419
352   9.74345
353   10.1657
354   9.97269
355   9.98945
356   9.89071
357   9.59811
358   9.57978
359   9.55229
360   9.72608
361   9.64352
362   9.88792
363   9.96399
364   10.1234
365   10.1141
366   9.85049
367   10.2107
368   10.2415
369   10.2953
370   10.5896
371   10.4065
372   10.2977
373   9.83666
374   9.79105
375   10.0915
376   10.063
377   10.0832
378   10.399
379   10.6333
380   10.2053
381   10.05
382   10.0444
383   10.1907
384   10.0208
385   9.90608
386   9.68462
387   9.79844
388   9.88191
389   9.91015
390   9.62281
391   9.87484
392   10.0703
393   9.49433
394   9.58663
395   9.89435
396   9.64754
397   9.83992
398   9.78306
399   9.85146
400   10.0888
401   10.0375
402   10.3615
403   10.5205
404   10.1738
405   10.3026
406   10.27
407   10.4909
408   10.0785
409   10.2461
410   10.0665
411   9.95326
412   10.1825
413   10.1113
414   9.93102
415   9.54671
416   9.93742
417   9.89899
418   9.75822
419   9.76847
420   9.77533
421   9.8452
422   9.77268
423   9.65794
424   9.86558
425   9.82136
426   9.60389
427   9.86068
428   10.3256
429   9.92158
430   10.2674
431   9.81292
432   9.69504
433   9.70585
434   9.79902
435   9.69406
436   9.79074
437   10.0753
438   10.0644
439   9.98469
440   9.78901
441   10.0155
442   10.4228
443   10.0258
444   9.83623
445   9.74866
446   9.91686
447   9.87473
448   9.87797
449   9.95493
450   9.94873
451   9.94406
452   10.2096
453   10.1865
454   10.1866
455   10.2911
456   10.2772
457   10.2397
458   9.98123
459   9.79802
460   9.98335
461   10.0098
462   10.1828
463   9.85167
464   10.0355
465   9.95236
466   10.0286
467   9.8114
468   9.8831
469   10.0669
470   10.019
471   10.2255
472   10.1281
473   9.99143
474   9.89957
475   10.4875
476   10.2172
477   10.1799
478   10.1191
479   10.3501
480   10.1471
481   9.91382
482   9.46013
483   9.45591
484   9.41766
485   9.72968
486   9.8484
487   10.1281
488   10.0353
489   9.78054
490   9.60021
491   9.81958
492   10.0537
493   9.87554
494   9.57211
495   9.61157
496   9.72351
497   9.62188
498   9.36938
499   9.44824
500   9.93723
501   10.1896
502   10.3748
503   10.452
504   9.94679
505   9.76659
506   9.6188
507   9.67864
508   9.77495
509   9.69186
510   9.95875
511   9.7634
512   9.76187
513   9.82607
514   10.2006
515   10.0003
516   9.79242
517   9.80743
518   9.71199
519   9.67698
520   9.73371
521   9.8448
522   9.92513
523   9.81408
524   9.83713
525   9.81672
526   9.92107
527   10.0076
528   10.2348
529   9.98462
530   10.1659
531   9.91392
532   10.2387
533   10.5067
534   10.2227
535   10.3968
536   10.4934
537   10.1898
538   10.0378
539   10.1422
540   9.99655
541   9.74342
542   9.84013
543   9.84548
544   9.73534
545   9.92265
546   9.83947
547   9.69913
548   9.97799
549   10.0441
550   10.1198
551   10.089
552   9.93316
553   9.85075
554   9.82648
555   9.9911
556   9.97569
557   9.9269
558   9.62103
559   9.7546
560   9.75615
561   10.0985
562   10.0475
563   10.0785
564   10.099
565   9.95469
566   10.0593
567   10.2575
568   10.1277
569   10.0534
570   9.76658
571   10.2499
572   10.3406
573   10.5227
574   10.7377
575   10.2265
576   10.3354
577   10.169
578   10.505
579   10.3307
580   10.2274
581   10.2781
582   10.4499
583   10.0376
584   10.2499
585   10.2653
586   9.85489
587   9.84136
588   9.78338
589   9.70883
590   9.83125
591   9.79525
592   9.83187
593   9.9285
594   9.84186
595   9.81167
596   9.97152
597   9.68127
598   9.88107
599   9.56506
600   9.58578
601   9.63916
602   9.67451
603   9.65892
604   9.94895
605   9.66404
606   9.52312
607   9.51984
608   9.59961
609   9.58667
610   9.81713
611   10.0132
612   10.0757
613   10.2241
614   10.0742
615   9.62274
616   9.92294
617   10.1363
618   10.2311
619   9.86317
620   10.0161
621   9.77745
622   9.67303
623   9.6924
624   9.62728
625   9.80557
626   9.44161
627   9.70445
628   9.92379
629   9.91479
630   9.8468
631   9.60183
632   10.0113
633   9.65272
634   9.50362
635   9.64684
636   9.79038
637   9.74081
638   9.58376
639   9.48049
640   9.8051
641   9.83896
642   9.80125
643   9.66994
644   9.52611
645   9.69255
646   9.60651
647   9.92727
648   9.97553
649   9.75679
650   9.95184
651   9.81488
652   9.79803
653   9.85523
654   10.1311
655   10.4625
656   10.2954
657   10.0948
658   9.77576
659   9.63397
660   9.68419
661   9.65361
662   9.70293
663   9.68735
664   9.69722
665   9.81496
666   9.4522
667   9.60953
668   9.87613
669   9.93655
670   9.81893
671   9.66957
672   9.84161
673   9.90999
674   9.82422
675   10.2417
676   10.1414
677   9.70279
678   10.0902
679   10.2466
680   10.0032
681   9.90084
682   9.93649
683   9.83995
684   9.99836
685   9.88891
686   9.91094
687   9.79831
688   9.64272
689   9.75802
690   9.77095
691   9.89097
692   9.96756
693   10.0889
694   9.80107
695   9.90155
696   9.7913
697   9.76327
698   9.53199
699   9.53256
700   9.75251
701   9.77674
702   9.71332
703   10.0022
704   9.84476
705   10.11
706   9.71689
707   10.5575
708   10.1547
709   9.97087
710   9.84975
711   9.74027
712   9.91722
713   9.85817
714   9.82311
715   9.60755
716   9.63155
717   9.9485
718   9.85027
719   9.79336
720   9.98441
721   9.9012
722   9.6587
723   9.75977
724   9.90948
725   9.61511
726   9.75897
727   10.0982
728   10.2668
729   10.4444
730   10.1759
731   10.1343
732   10.045
733   9.79437
734   9.70448
735   9.71735
736   9.69906
737   9.64352
738   9.49862
739   9.56991
740   9.60383
741   9.62381
742   9.63292
743   9.85764
744   10.1293
745   10.1565
746   10.044
747   10.2424
748   10.5156
749   10.2452
750   10.0183
751   9.92395
752   10.228
753   10.0177
754   10.0788
755   9.84632
756   9.86335
757   9.98247
758   10.2794
759   10.0944
760   10.068
761   10.0068
762   9.76992
763   9.67806
764   9.70712
765   10.0003
766   9.95833
767   9.89433
768   9.90621
769   10.3581
770   9.99486
771   9.87646
772   9.97346
773   9.80641
774   9.89424
775   9.6324
776   9.56164
777   9.38155
778   9.54487
779   9.60905
780   9.8709
781   10.0701
782   10.137
783   9.94314
784   9.86055
785   9.84099
786   9.76255
787   9.6247
788   9.85593
789   10.2925
790   10.1758
791   10.1078
792   9.85866
793   10.0384
794   10.1393
795   10.2537
796   9.87284
797   10.1269
798   9.77902
799   9.77097
800   9.54915
801   9.8592
802   9.84517
803   10.2105
804   9.93143
805   9.99
806   9.94412
807   10.1681
808   10.0055
809   10.1581
810   10.2702
811   10.2581
812   10.2658
813   10.1106
814   9.77967
815   9.82053
816   9.88868
817   10.0842
818   9.88195
819   9.87146
820   9.86684
821   9.64142
822   9.74469
823   9.96188
824   9.83495
825   10.3768
826   10.6701
827   10.5848
828   10.3165
829   10.0501
830   10.3799
831   10.0405
832   10.1626
833   10.1593
834   10.0909
835   10.1428
836   9.96253
837   10.0522
838   9.93841
839   10.0195
840   10.1312
841   9.96465
842   10.0659
843   9.80798
844   9.85056
845   9.78005
846   10.0838
847   10.2986
848   10.1516
849   9.9837
850   9.64975
851   9.56615
852   9.61193
853   9.92845
854   10.2216
855   9.85675
856   9.96158
857   9.54953
858   9.86845
859   10.0838
860   10.0657
861   10.272
862   10.0351
863   9.64064
864   9.78057
865   9.93349
866   10.0078
867   10.076
868   10.3286
869   10.211
870   10.2515
871   10.2555
872   10.1242
873   10.1891
874   10.0857
875   10.3205
876   10.3533
877   10.3086
878   10.3806
879   10.4927
880   9.9747
881   9.9407
882   9.81817
883   9.88202
884   9.91617
885   9.81642
886   9.77095
887   10.0714
888   10.383
889   9.84383
890   9.70482
891   9.79512
892   9.7532
893   9.52287
894   9.45591
895   9.72587
896   10.0536
897   10.0729
898   10.0783
899   9.91107
900   9.82282
901   9.63439
902   9.69783
903   9.57241
904   9.65074
905   9.89408
906   9.89918
907   9.69695
908   10.1275
909   10.0874
910   10.0112
911   10.4022
912   10.1078
913   9.97825
914   9.73546
915   9.94334
916   9.78705
917   9.73748
918   10.04
919   10.2249
920   9.93516
921   10.0218
922   9.67661
923   10.1671
924   10.3647
925   10.0933
926   10.0508
927   9.98092
928   9.84594
929   10.0648
930   10.2635
931   10.3586
932   10.185
933   10.3083
934   9.85587
935   10.1343
936   9.93004
937   9.74314
938   9.94201
939   9.89951
940   9.95817
941   9.97531
942   9.74572
943   9.58526
944   9.72834
945   9.94644
946   9.78801
947   9.83728
948   9.62802
949   9.51524
950   9.51706
951   9.84764
952   9.84205
953   9.96402
954   9.79499
955   9.73558
956   10.034
957   9.88525
958   9.89143
959   9.53145
960   9.80429
961   10.0458
962   9.88063
963   10.2086
964   9.94333
965   10.0241
966   9.92447
967   9.81206
968   9.73591
969   10.0348
970   9.95203
971   10.2595
972   10.4989
973   10.2282
974   10.5669
975   10.5096
976   10.2095
977   10.0192
978   10.0609
979   10.3255
980   9.92154
981   9.90423
982   9.7525
983   9.85593
984   9.73538
985   9.59356
986   9.55692
987   9.40159
988   9.40909
989   9.61328
990   9.73219
991   9.87861
992   9.76375
993   9.90811
994   9.7518
995   9.6419
996   9.81518
997   9.88161
998   9.62222
999   9.71955
1000   9.895
1001   10.0473
1002   9.91771
1003   10.0884
1004   9.97781
1005   9.982
1006   10.3788
1007   10.1722
1008   10.3224
1009   9.86533
1010   9.853
1011   10.1895
1012   10.0404
1013   10.0891
1014   10.0078
1015   9.78062
1016   9.99236
1017   9.91786
1018   9.92615
1019   9.76955
1020   10.1427
1021   9.87824
1022   10.0039
1023   10.6677
1024   10.3023
1025   10.1589
1026   10.4517
1027   10.3185
1028   10.35
1029   10.2847
1030   10.2166
1031   9.86068
1032   9.94908
1033   9.95105
1034   10.0971
1035   10.0976
1036   10.4062
1037   10.3845
1038   10.1718
1039   9.87698
1040   9.8999
1041   9.76614
1042   9.7944
1043   9.61018
1044   9.86495
1045   10.0803
1046   9.99542
1047   9.72941
1048   10.1283
1049   10.8667
1050   10.3359
1051   10.3052
1052   10.3709
1053   10.3197
1054   10.3923
1055   9.68379
1056   9.88761
1057   9.9121
1058   9.98121
1059   10.1005
1060   9.76986
1061   9.78934
1062   10.0065
1063   9.82262
1064   9.58584
1065   9.66409
1066   9.77415
1067   9.63096
1068   9.68155
1069   9.77275
1070   9.75649
1071   9.46722
1072   9.44127
1073   9.59836
1074   9.88878
1075   9.87926
1076   10.0044
1077   9.94371
1078   10.0554
1079   9.85938
1080   9.84369
1081   9.69391
1082   9.55022
1083   9.64047
1084   9.83697
1085   9.95068
1086   10.0316
1087   10.141
1088   10.0349
1089   9.96724
1090   10.0502
1091   10.2626
1092   10.3167
1093   10.1679
1094   9.92807
1095   9.98324
1096   10.0229
1097   10.0687
1098   9.88148
1099   9.92659
1100   9.9838
1101   9.84456
1102   9.94103
1103   9.84365
1104   9.68973
1105   9.70096
1106   9.71665
1107   9.59709
1108   9.59945
1109   9.88505
1110   9.79726
1111   9.99529
1112   10.0913
1113   9.92461
1114   10.3121
1115   9.83075
1116   10.1214
1117   10.3925
1118   10.3612
1119   10.1127
1120   9.78416
1121   9.94151
1122   9.82538
1123   9.89728
1124   9.57212
1125   9.4379
1126   9.46097
1127   9.49578
1128   9.60903
1129   9.48188
1130   9.48278
1131   9.76225
1132   9.63538
1133   9.89861
1134   9.83052
1135   9.53594
1136   9.64805
1137   9.6983
1138   10.1185
1139   10.1174
1140   9.54752
1141   9.90116
1142   9.5378
1143   9.50313
1144   9.81187
1145   9.94034
1146   10.004
1147   9.70256
1148   9.71328
1149   9.98594
1150   10.038
1151   10.2854
1152   10.0949
1153   9.71603
1154   9.40486
1155   9.54974
1156   9.84521
1157   10.2778
1158   10.2861
1159   10.4867
1160   10.2106
1161   10.2354
1162   10.0225
1163   10.2661
1164   10.1748
1165   9.91143
1166   10.0511
1167   9.64681
1168   9.94355
1169   9.924
1170   10.0175
1171   9.81742
1172   10.1193
1173   9.97821
1174   10.1636
1175   10.0083
1176   9.66687
1177   9.74238
1178   9.91499
1179   9.69482
1180   9.95665
1181   9.98841
1182   10.1822
1183   10.5992
1184   10.3549
1185   10.0879
1186   9.69607
1187   9.68721
1188   9.61543
1189   9.86488
1190   9.72479
1191   10.0865
1192   9.87815
1193   9.71918
1194   9.59718
1195   9.86443
1196   9.73314
1197   10.0534
1198   9.97231
1199   10.3705
1200   9.86485
1201   10.0387
1202   10.0822
1203   10.1784
1204   10.1416
1205   10.161
1206   10.2758
1207   9.79173
1208   9.87474
1209   9.96583
1210   9.79485
1211   9.92568
1212   9.6652
1213   9.69982
1214   9.62886
1215   9.54361
1216   9.49508
1217   9.57998
1218   9.82829
1219   9.64694
1220   9.88554
1221   10.09
1222   9.9802
1223   9.69677
1224   9.82355
1225   9.92324
1226   9.64416
1227   9.63008
1228   10.1552
1229   10.1759
1230   9.97255
1231   9.9757
1232   9.60293
1233   9.73516
1234   9.79017
1235   10.0001
1236   9.95134
1237   9.69034
1238   9.82866
1239   9.75909
1240   9.56574
1241   9.80137
1242   9.81854
1243   9.85401
1244   10.0646
1245   10.1815
1246   10.0692
1247   10.1529
1248   10.2126
1249   10.314
1250   10.518
1251   10.5629
1252   10.3276
1253   10.2128
1254   10.1894
1255   10.3133
1256   10.0631
1257   10.2333
1258   10.095
1259   9.65724
1260   9.64288
1261   9.89294
1262   9.95315
1263   9.85243
1264   10.0389
1265   10.049
1266   10.0501
1267   9.88406
1268   9.80576
1269   9.97242
1270   9.74892
1271   9.58206
1272   9.5236
1273   10.0007
1274   9.79018
1275   9.69845
1276   9.60629
1277   9.60514
1278   9.56391
1279   9.67834
1280   9.50414
1281   9.40765
1282   9.54546
1283   9.53591
1284   9.70858
1285   9.81126
1286   9.67353
1287   9.79193
1288   9.70969
1289   9.66654
1290   9.69143
1291   9.77997
1292   9.74046
1293   9.69921
1294   9.74573
1295   9.65071
1296   9.89131
1297   9.90397
1298   9.55102
1299   9.49763
1300   9.59229
1301   9.69772
1302   9.41368
1303   9.40278
1304   9.45992
1305   9.3421
1306   9.43882
1307   9.38084
1308   9.57694
1309   9.63109
1310   9.82387
1311   9.80468
1312   9.78051
1313   9.54808
1314   9.66522
1315   9.61307
1316   9.70879
1317   9.97882
1318   10.1014
1319   9.66617
1320   9.82796
1321   9.84857
1322   9.9973
1323   10.0234
1324   10.1587
1325   10.0522
1326   9.97027
1327   10.0309
1328   9.94793
1329   10.2152
1330   9.9647
1331   10.1902
1332   10.1347
1333   9.8202
1334   9.72106
1335   9.64328
1336   9.70821
1337   9.95051
1338   9.72282
1339   9.85336
1340   10.1965
1341   9.84158
1342   9.48252
1343   9.67027
1344   9.75796
1345   9.62449
1346   9.50404
1347   9.68156
1348   9.71652
1349   9.8143
1350   9.82079
1351   9.85032
1352   9.57083
1353   10.127
1354   9.99229
1355   9.90198
1356   9.69241
1357   9.86127
1358   9.759
1359   9.71547
1360   9.74389
1361   9.75884
1362   9.62313
1363   9.66576
1364   9.94681
1365   10.0681
1366   10.1857
1367   9.94122
1368   9.7467
1369   9.72142
1370   9.73606
1371   9.63051
1372   9.83685
1373   9.77979
1374   9.87316
1375   10.0523
1376   10.3358
1377   10.1241
1378   10.1316
1379   10.3794
1380   10.1765
1381   10.151
1382   9.87926
1383   9.89134
1384   10.1222
1385   10.0264
1386   9.82607
1387   9.68364
1388   9.39918
1389   9.52056
1390   9.99325
1391   9.99911
1392   10.3802
1393   10.2488
1394   10.1817
1395   10.1337
1396   9.92201
1397   9.88018
1398   9.9587
1399   10.0277
1400   10.0898
1401   10.0199
1402   10.1124
1403   10.1785
1404   9.8334
1405   9.65324
1406   9.90506
1407   10.1738
1408   9.73131
1409   9.90245
1410   9.87764
1411   10.0895
1412   10.2025
1413   9.62054
1414   9.84934
1415   9.89305
1416   10.0275
1417   9.77106
1418   9.6749
1419   9.44587
1420   9.3257
1421   9.66548
1422   10.1971
1423   10.0188
1424   9.84585
1425   9.80501
1426   9.76524
1427   9.88057
1428   9.78817
1429   9.8196
1430   9.89939
1431   9.76137
1432   9.70586
1433   10.0461
1434   10.1833
1435   10.2629
1436   9.81163
1437   9.73384
1438   9.68888
1439   9.79784
1440   9.83687
1441   9.48871
1442   9.3408
1443   9.5555
1444   9.67878
1445   9.52451
1446   9.43393
1447   9.46624
1448   9.30009
1449   9.32401
1450   9.49381
1451   9.57127
1452   9.85809
1453   10.0461
1454   9.8673
1455   10.2901
1456   9.88325
1457   10.2921
1458   9.8298
1459   9.75533
1460   9.57444
1461   9.41081
1462   9.6455
1463   9.68073
1464   9.74396
1465   9.71889
1466   9.60854
1467   9.58125
1468   9.69429
1469   9.95825
1470   9.60251
1471   9.52811
1472   9.66197
1473   9.95533
1474   9.81689
1475   9.98731
1476   10.2669
1477   9.8126
1478   9.81565
1479   10.0151
1480   10.1209
1481   10.0308
1482   10.1017
1483   10.1034
1484   9.38848
1485   9.52986
1486   9.69523
1487   9.77239
1488   9.67964
1489   9.61145
1490   9.66833
1491   9.48803
1492   9.49749
1493   9.47936
1494   9.69833
1495   10.1107
1496   10.231
1497   10.1298
1498   9.96164
1499   10.0698
1500   10.3134
1501   9.82409
1502   9.87419
1503   9.74757
1504   9.62552
1505   9.68176
1506   9.66975
1507   9.81327
1508   9.73129
1509   10.099
1510   9.79548
1511   9.80009
1512   9.67328
1513   9.97077
1514   9.94001
1515   9.59725
1516   9.54569
1517   9.54296
1518   9.7283
1519   9.52306
1520   9.92703
1521   9.91727
1522   10.1337
1523   10.1589
1524   10.2973
1525   10.0803
1526   9.7046
1527   9.70084
1528   9.78741
1529   9.74936
1530   9.85008
1531   9.86583
1532   9.70446
1533   10.0202
1534   9.88826
1535   10.013
1536   9.87728
1537   10.0136
1538   9.94746
1539   10.2109
1540   10.0071
1541   9.91339
1542   9.8822
1543   9.69078
1544   9.72406
1545   9.65727
1546   9.82339
1547   10.0017
1548   10.3022
1549   10.1949
1550   9.98063
1551   10.2129
1552   9.93858
1553   9.76013
1554   9.85673
1555   9.67513
1556   9.72934
1557   9.88149
1558   9.84541
1559   9.8485
1560   9.81826
1561   9.70893
1562   9.57243
1563   9.96638
1564   10.2961
1565   9.95768
1566   10.1992
1567   10.1019
1568   9.98008
1569   9.88811
1570   9.97585
1571   9.90415
1572   9.91135
1573   9.71548
1574   9.77475
1575   10.0405
1576   9.98726
1577   10.0824
1578   10.0152
1579   10.2629
1580   10.2517
1581   10.193
1582   10.1156
1583   9.73889
1584   9.90615
1585   9.62867
1586   9.6344
1587   9.76533
1588   9.85771
1589   9.80908
1590   9.73085
1591   10.0299
1592   9.83256
1593   9.72949
1594   9.70777
1595   9.6786
1596   9.56465
1597   9.56967
1598   9.83838
1599   9.62708
1600   9.76825
1601   9.73806
1602   9.56514
1603   9.73093
1604   9.86306
1605   9.78751
1606   9.99816
1607   9.91537
1608   9.9408
1609   9.7021
1610   10.1363
1611   9.74625
1612   9.9416
1613   10.3062
1614   10.4485
1615   10.4152
1616   10.1599
1617   10.1183
1618   9.87732
1619   9.73813
1620   9.87616
1621   9.75553
1622   9.88011
1623   10.2168
1624   10.4057
1625   10.4422
1626   10.3629
1627   10.014
1628   9.96505
1629   10.0515
1630   10.226
1631   10.1164
1632   10.3141
1633   10.2809
1634   9.94379
1635   9.85854
1636   9.74794
1637   9.82897
1638   9.90289
1639   9.63642
1640   9.52954
1641   9.88743
1642   9.96937
1643   9.4776
1644   9.56296
1645   9.63628
1646   9.68521
1647   9.68543
1648   9.7608
1649   9.55911
1650   9.69767
1651   9.55732
1652   9.72168
1653   9.74702
1654   9.81939
1655   9.86783
1656   9.76892
1657   9.90827
1658   9.83769
1659   9.70977
1660   9.83516
1661   9.70389
1662   9.82065
1663   9.78824
1664   9.83122
1665   9.8031
1666   9.80692
1667   9.60569
1668   9.73737
1669   9.96667
1670   9.67599
1671   9.82636
1672   9.8678
1673   9.38484
1674   9.59519
1675   9.54993
1676   9.64471
1677   9.55692
1678   9.4168
1679   9.63044
1680   9.86986
1681   9.73234
1682   9.90172
1683   9.88782
1684   10.0148
1685   10.0392
1686   9.99507
1687   9.64921
1688   9.57873
1689   9.69677
1690   9.66001
1691   9.77585
1692   9.81148
1693   9.98652
1694   9.89847
1695   9.85466
1696   9.54309
1697   9.65842
1698   9.50587
1699   10.1593
1700   9.89534
1701   9.84496
1702   9.84003
1703   9.75144
1704   10.1668
1705   9.98546
1706   9.79844
1707   9.90485
1708   9.6312
1709   9.59907
1710   9.67197
1711   9.60775
1712   9.52592
1713   9.40755
1714   9.662
1715   9.85935
1716   10.2346
1717   10.1147
1718   9.96675
1719   10.1729
1720   10.1863
1721   10.1954
1722   10.2578
1723   10.0045
1724   9.64468
1725   9.98826
1726   9.65365
1727   9.76757
1728   9.89607
1729   9.71794
1730   9.88275
1731   9.72897
1732   9.81546
1733   10.0686
1734   10.1138
1735   9.99725
1736   10.3185
1737   9.83237
1738   9.81668
1739   9.71555
1740   9.81799
1741   9.69013
1742   9.71748
1743   9.73223
1744   9.73035
1745   9.57302
1746   9.38811
1747   9.54637
1748   9.96514
1749   9.86504
1750   9.68058
1751   9.71309
1752   9.56022
1753   9.46355
1754   9.51704
1755   9.40718
1756   9.46122
1757   9.84361
1758   9.98183
1759   9.84375
1760   9.58307
1761   9.71956
1762   9.75525
1763   9.84513
1764   9.8677
1765   10.0063
1766   9.99633
1767   10.153
1768   10.0334
1769   10.1326
1770   10.1692
1771   10.0313
1772   9.73849
1773   9.74679
1774   9.47323
1775   9.45651
1776   9.78232
1777   9.9561
1778   9.82534
1779   9.81437
1780   9.96456
1781   9.79615
1782   10.0327
1783   9.72896
1784   9.71488
1785   9.9781
1786   9.712
1787   9.69019
1788   9.88721
1789   9.91524
1790   9.68895
1791   9.70167
1792   9.78211
1793   9.69719
1794   9.66178
1795   9.53467
1796   9.67749
1797   9.91427
1798   9.90819
1799   9.51646
1800   9.80499
1801   9.73078
1802   9.58321
1803   9.51875
1804   9.39596
1805   9.33115
1806   9.50193
1807   9.72054
1808   10.1421
1809   9.9691
1810   9.74911
1811   9.7434
1812   9.76524
1813   9.66437
1814   9.64784
1815   9.4118
1816   9.36994
1817   9.28944
1818   9.38436
1819   9.8451
1820   10.3293
1821   10.0452
1822   9.84257
1823   9.90713
1824   9.68887
1825   9.7642
1826   9.87326
1827   9.74019
1828   9.64879
1829   9.75016
1830   9.69579
1831   9.5732
1832   9.66967
1833   9.86652
1834   10.02
1835   10.0152
1836   10.056
1837   9.89239
1838   10.0716
1839   9.9107
1840   9.75055
1841   9.54207
1842   9.70083
1843   9.82365
1844   9.51257
1845   9.70835
1846   9.96477
1847   9.99543
1848   9.79523
1849   9.6391
1850   9.76148
1851   9.62309
1852   9.64768
1853   9.53649
1854   9.71142
1855   9.68527
1856   9.36921
1857   9.62853
1858   9.58573
1859   9.57363
1860   9.73151
1861   9.78311
1862   10.0343
1863   9.89146
1864   9.59149
1865   9.65054
1866   9.61063
1867   9.51682
1868   9.61849
1869   9.92966
1870   10.0495
1871   9.91173
1872   9.85015
1873   9.82927
1874   9.90139
1875   9.92137
1876   9.97838
1877   9.97803
1878   10.2818
1879   10.1555
1880   9.66991
1881   9.59918
1882   10.0197
1883   9.9628
1884   9.93585
1885   9.75733
1886   9.62972
1887   9.65549
1888   9.68941
1889   9.7909
1890   9.78458
1891   9.73545
1892   9.91139
1893   10.0117
1894   10.1627
1895   10.1066
1896   9.87329
1897   9.46334
1898   9.73511
1899   9.53551
1900   9.65211
1901   9.46743
1902   9.7278
1903   9.90022
1904   9.98269
1905   9.85841
1906   9.68981
1907   9.9702
1908   10.3583
1909   10.1697
1910   10.3893
1911   10.1019
1912   9.82081
1913   9.615
1914   9.57971
1915   9.53731
1916   9.28845
1917   9.36267
1918   9.33631
1919   9.37142
1920   9.59515
1921   9.72044
1922   9.43978
1923   9.84106
1924   9.96253
1925   9.89284
1926   9.97369
1927   9.53536
1928   9.71515
1929   9.72532
1930   10.0081
1931   10.0318
1932   10.1691
1933   10.3568
1934   10.5444
1935   10.0099
1936   9.5638
1937   9.58784
1938   9.76509
1939   9.83077
1940   9.89317
1941   9.59186
1942   9.91593
1943   10.0888
1944   10.2012
1945   9.55209
1946   9.63137
1947   9.83969
1948   9.78315
1949   9.91206
1950   9.56081
1951   9.52024
1952   9.66807
1953   9.68814
1954   9.66726
1955   9.62966
1956   9.55057
1957   9.55484
1958   9.79022
1959   9.69198
1960   9.88939
1961   9.72087
1962   9.54436
1963   10.027
1964   9.82653
1965   9.77097
1966   10.0277
1967   9.85084
1968   9.82366
1969   9.86102
1970   10.285
1971   9.76916
1972   9.78332
1973   9.59222
1974   9.61026
1975   9.7582
1976   9.68246
1977   9.71056
1978   9.73902
1979   9.71782
1980   9.62856
1981   9.58947
1982   10.1469
1983   9.76412
1984   9.44005
1985   9.47298
1986   10.0532
1987   10.1868
1988   10.1355
1989   10.502
1990   10.2606
1991   10.3565
1992   9.97922
1993   9.98544
1994   10.0776
1995   9.90267
1996   9.91694
1997   9.75979
1998   9.69143
1999   9.5588
2000   9.4104
