0.073457   -0.129407   0.213405
0.35958   -0.118399   -0.422628
-0.17949   -0.161909   0.450996
0.122714   -0.345842   0.0344429
0.437143   0.223416   -0.35837
-0.0383437   -0.178283   0.435591
0.438282   0.165632   -0.306907
-0.477117   -0.132047   0.153406
0.481078   -0.170506   0.218197
0.468132   -0.352855   0.424512
-0.101824   -0.140748   -0.360932
-0.177604   -0.415922   0.196813
0.147311   0.152174   -0.496428
-0.306968   -0.0386685   0.317729
0.368671   -0.204445   -0.121662
-0.472055   -0.310748   -0.241683
-0.295433   -0.07147   0.136172
0.141903   0.252205   -0.401836
-0.37124   -0.0503908   0.375227
-0.329519   0.108594   -0.260473
0.320073   -0.247474   0.158693
-0.159566   -0.423263   0.285948
0.380945   -0.159665   -0.208732
-0.249461   -0.497506   0.409401
0.462068   0.471124   0.44042
0.407194   -0.336223   -0.328834
-0.173411   0.173234   0.399305
-0.153227   0.490918   0.423839
0.368969   -0.133615   0.151597
0.182177   -0.166995   -0.460537
-0.105923   -0.465474   0.480162
-0.125548   0.298872   0.331485
-0.488841   -0.194558   0.338335
0.0356124   -0.302586   0.441581
0.488825   -0.400209   -0.0130848
-0.119281   -0.297448   0.465734
0.049092   0.306683   -0.428826
0.118825   -0.487143   0.167804
-0.310006   -0.0806052   -0.160714
-0.436577   0.169511   0.0766553
0.0079877   0.308192   0.252601
0.353762   0.0853195   0.152844
-0.47895   -0.0351764   -0.0733033
0.315953   0.158486   0.039502
0.305772   -0.236095   0.0452349
0.431644   0.0814654   -0.115642
0.318922   0.359566   -0.326444
-0.368766   -0.426286   -0.0614184
-0.389807   -0.100224   -0.435559
0.00962878   0.24496   -0.068639
-0.144128   0.161637   -0.183943
-0.102658   -0.157672   -0.234734
-0.275438   0.00971629   -0.236095
0.453445   -0.0137727   -0.410725
-0.391692   -0.00417469   -0.425264
-0.204406   -0.26548   -0.357171
0.089679   -0.244566   -0.453325
0.145424   0.0981042   0.226563
0.49671   -0.00794372   0.485237
-0.468252   0.0137232   -0.405706
-0.374646   0.350099   0.143378
0.423667   -0.268265   0.480171
-0.437056   -0.189389   0.204313
0.406452   0.102227   -0.350095
-0.229079   -0.121618   0.331993
-0.183271   -0.416475   0.476275
0.391641   -0.441829   -0.282363
0.31835   -0.410226   -0.0945635
0.242757   -0.398014   -0.376108
0.172936   -0.365406   -0.0234009
-0.317604   0.409694   -0.381768
-0.382069   0.41207   0.0683302
0.425445   0.0924158   0.233548
-0.206113   0.0671909   -0.126991
-0.344916   -0.315841   -0.00301755
-0.172247   0.35972   0.0712981
-0.0445947   0.48054   0.433895
-0.0255564   -0.492951   -0.386002
-0.0616049   0.352344   0.379616
0.414233   -0.349448   -0.105246
-0.0960063   -0.411637   0.214152
-0.152562   -0.0625118   -0.441128
0.089914   -0.396672   -0.442127
0.348685   -0.297523   -0.152676
0.0968473   0.184636   -0.43182
-0.235598   -0.229878   0.436113
-0.0610999   0.230512   -0.287523
0.438102   -0.11465   -0.291518
-0.149067   -0.472943   0.126759
-0.0960038   0.476109   0.349452
-0.129513   -0.352439   0.0305555
0.26879   0.218799   -0.445695
0.124774   -0.180304   -0.220438
0.469112   0.152422   0.30672
-0.19655   0.356356   0.373343
0.34352   0.375086   0.408422
0.00933839   -0.130119   0.250453
-0.379932   0.372414   -0.0961535
0.310605   -0.278037   -0.0539872
-0.128172   0.45345   -0.142063
-0.24887   -0.466215   0.487582
0.449817   0.136303   0.49271
0.304892   0.355107   -0.135518
-0.213871   0.0768395   0.366307
0.333442   -0.148999   -0.329978
-0.422023   0.408561   -0.363335
-0.448151   -0.0579361   -0.351871
0.288947   -0.161484   -0.207998
