1.80163
1.80385
1.80691
1.81117
1.81676
1.82343
1.83059
1.83748
1.84338
1.84768
1.84998
1.85006
1.84787
1.84359
1.83764
1.83082
1.82427
1.81938
1.81737
1.81886
1.82352
1.83013
1.83703
1.84254
1.84529
1.84435
1.83932
1.83043
1.8188
1.80642
1.79574
1.78866
1.78561
1.7855
1.78658
1.78746
1.78757
1.7871
1.78665
1.78694
1.78856
1.79189
1.797
1.80371
1.81154
1.81987
1.82801
1.83533
1.84137
1.84583
1.84863
1.84979
1.84936
1.84732
1.84352
1.83766
1.82937
1.81843
1.80498
1.7898
1.77454
1.76177
1.75442
1.75453
1.76204
1.77492
1.79036
1.80595
1.82008
1.83181
1.84068
1.84657
1.84961
1.85007
1.84826
1.84456
1.83932
1.83293
1.82577
1.81829
1.81094
1.80418
1.79843
1.79396
1.79093
1.78931
1.78894
1.78955
1.79084
1.7925
1.79424
1.79582
1.79701
1.79764
1.79761
1.79696
1.79589
1.7948
1.79416
1.79441
1.79579
1.79822
1.80131
1.80456
1.80749
1.80977
1.81131
1.8122
1.81268
1.81304
1.81356
1.81446
1.81585
1.81775
1.82006
1.8226
1.82515
1.82748
1.82935
1.83056
1.83094
1.83037
1.8288
1.82624
1.8228
1.8187
1.81426
1.80988
1.806
1.80295
1.80089
1.79966
1.79881
1.79764
1.79541
1.79154
1.78591
1.77899
1.77193
1.76619
1.76296
1.76245
1.76382
1.76584
1.76763
1.76915
1.77093
1.77347
1.77676
1.78031
1.78341
1.78551
1.78641
1.78624
1.78543
1.78455
1.78421
1.78489
1.78682
1.78991
1.79375
1.79781
1.80151
1.80444
1.8063
1.80697
1.80645
1.8048
1.80215
1.79871
1.79477
1.79074
1.78709
1.78423
1.78243
1.7817
1.78184
1.78251
1.7834
1.78429
1.7851
1.7859
1.78676
1.78775
1.78882
1.78984
1.79055
1.79067
1.78993
1.78809
1.78506
1.78083
1.77559
1.76963
1.76332
1.7571
1.75139
1.74667
1.74344
1.7422
1.74324
1.74645
1.75131
1.75698
1.76262
1.76758
1.77154
1.77441
1.77634
1.77759
1.77844
1.77915
1.77989
1.78073
1.78164
1.78251
1.78319
1.78351
1.78332
1.78252
1.78105
1.7789
1.77615
1.77293
1.76945
1.76597
1.76278
1.76015
1.75833
1.75747
1.75759
1.75859
1.76027
1.76234
1.76455
1.76666
1.76856
1.77024
1.77178
1.77326
1.77479
1.77637
1.77795
1.77944
1.78072
1.78166
1.78222
1.78238
1.78218
1.78173
1.78114
1.78055
1.78008
1.77983
1.77987
1.78022
1.78084
1.7817
1.78269
1.78372
1.78469
1.78549
1.78603
1.78623
1.78602
1.78537
1.78423
1.78262
1.78054
1.77806
1.77521
1.77208
1.76871
1.76518
1.76155
1.75786
1.75415
1.75043
1.74665
1.74271
1.73854
1.73424
1.73024
1.72731
1.72645
1.72848
1.73361
1.74139
1.75085
1.76092
1.77071
1.77965
1.78744
1.79401
1.7994
1.80372
1.80713
1.80975
1.81173
1.81319
1.81423
1.81493
1.81535
1.81552
1.81548
1.81523
1.81478
1.81413
1.81327
1.81221
1.81094
1.80949
1.8079
1.80623
1.80455
1.80294
1.8015
1.80028
1.79933
1.79865
1.79823
1.79804
1.79805
1.79822
1.79854
1.79897
1.79946
1.79995
1.80035
1.80058
1.80057
1.80029
1.79975
1.79902
1.79822
1.79748
1.79697
1.79684
1.79728
1.7984
1.80026
1.80282
1.80593
1.80937
1.81292
1.81636
1.81951
1.82225
1.82453
1.82629
1.82755
1.82832
1.82866
1.82864
1.82842
1.82816
1.82811
1.82846
1.82939
1.83098
1.83317
1.83582
1.83869
1.84156
1.8442
1.84646
1.84822
1.84943
1.85006
1.85012
1.84958
1.84845
1.8467
1.84429
1.84116
1.83725
1.83251
1.82689
1.82045
1.8133
1.80573
1.79819
1.79128
1.78566
1.78195
1.78055
1.78157
1.78481
1.78982
1.79605
1.80291
1.80989
1.81661
1.82279
1.82828
1.833
1.83697
1.84023
1.84284
1.84488
1.84641
1.84747
1.8481
1.84831
1.84809
1.84745
1.84637
1.84486
1.84294
1.84064
1.83806
1.83528
1.83242
1.8296
1.8269
1.82435
1.82191
1.81947
1.81686
1.81389
1.81041
1.80632
1.80165
1.79653
1.79117
1.78579
1.78046
1.77512
1.76959
1.76379
1.75804
1.75315
1.75023
1.75012
1.75291
1.75789
1.76397
1.77017
1.77592
1.78104
1.78557
1.78963
1.79333
1.79676
1.79993
1.80285
1.80544
1.80766
1.8094
1.81062
1.81124
1.81124
1.81063
1.80943
1.80774
1.80569
1.80343
1.80115
1.79902
1.79719
1.79576
1.79472
1.79401
1.79349
1.79294
1.79215
1.79095
1.78924
1.78705
1.78462
1.78235
1.78076
1.78031
1.78126
1.78353
1.78676
1.79038
1.79383
1.79664
1.79849
1.79914
1.79845
1.79631
1.79263
1.78731
1.78034
1.77181
1.762
1.75143
1.74074
1.73061
1.72153
1.71363
1.70682
1.70106
1.69666
1.69423
1.69446
1.69759
1.70325
1.7106
1.71873
1.72691
1.73478
1.74221
1.7492
1.7558
1.762
1.76774
1.77295
1.77756
1.78153
1.7849
1.78773
1.79014
1.79227
1.79427
1.79624
1.79825
1.80033
1.80247
1.80461
1.80667
1.80856
1.81016
1.81138
1.81209
1.81217
1.81148
1.8099
1.80729
1.80354
1.79857
1.7924
1.78514
1.777
1.76833
1.75951
1.75091
1.7429
1.73595
1.73083
1.72866
1.73064
1.73727
1.74789
1.76076
1.7738
1.78535
1.79447
1.80091
1.80486
1.80674
1.80705
1.80629
1.80495
1.80347
1.80223
1.80154
1.80161
1.80252
1.80426
1.80671
1.80968
1.81296
1.81629
1.81947
1.82233
1.82474
1.82663
1.82801
1.82891
1.8294
1.82962
1.8297
1.82977
1.82998
1.83042
1.83116
1.83223
1.83363
1.8353
1.83718
1.83921
1.84131
1.84342
1.84547
1.84743
1.84926
1.85092
1.85239
1.85363
1.85461
1.85527
1.85557
1.85543
1.85479
1.85358
1.85174
1.84924
1.84608
1.84235
1.83823
1.83402
1.83011
1.82694
1.82493
1.82433
1.82517
1.82724
1.83019
1.83357
1.83697
1.84006
1.84263
1.84455
1.84578
1.84635
1.84632
1.84577
1.8448
1.8435
1.84197
1.84028
1.83855
1.83689
1.83545
1.83437
1.83376
1.83367
1.834
1.83454
1.83503
1.8352
1.83488
1.83405
1.83281
1.83138
1.83005
1.82906
1.82859
1.8287
1.82934
1.83035
1.83156
1.83278
1.83385
1.83464
1.83507
1.83506
1.8346
1.83365
1.83225
1.83042
1.82827
1.82593
1.8236
1.82149
1.81979
1.81862
1.818
1.81781
1.81783
1.81777
1.81736
1.81638
1.81472
1.81235
1.80938
1.80597
1.80235
1.79876
1.79543
1.79252
1.79015
1.78834
1.78705
1.78621
1.7857
1.78541
1.78528
1.78531
1.78559
1.78622
1.7873
1.78887
1.79087
1.79318
1.79563
1.79805
1.80031
1.80233
1.80409
1.8056
1.80687
1.80795
1.80886
1.80963
1.81026
1.81078
1.81119
1.8115
1.8117
1.8118
1.81179
1.81165
1.81136
1.81087
1.8101
1.80895
1.80729
1.80496
1.80175
1.79745
1.79191
1.78504
1.77694
1.76802
1.75898
1.75085
1.74467
1.7412
1.74054
1.74202
1.74446
1.74656
1.74744
1.74693
1.7457
1.74497
1.746
1.74942
1.75495
1.76164
1.76837
1.7743
1.77901
1.78246
1.78481
1.78627
1.78706
1.78732
1.78712
1.78643
1.78519
1.78327
1.78057
1.777
1.77259
1.7675
1.76213
1.75704
1.75299
1.75068
1.75065
1.75303
1.75755
1.76359
1.77039
1.77723
1.78356
1.78901
1.79344
1.79684
1.79928
1.80091
1.80191
1.80248
1.80281
1.80309
1.80349
1.80413
1.80508
1.80636
1.80796
1.80979
1.81178
1.81383
1.81583
1.81772
1.8194
1.82083
1.82193
1.82264
1.82289
1.8226
1.82168
1.82004
1.81759
1.81423
1.80989
1.80454
1.79815
1.79076
1.78243
1.77336
1.76393
1.75483
1.74719
1.74236
1.74153
1.74516
1.75268
1.76272
1.77366
1.78416
1.79341
1.80102
1.80696
1.81132
1.81427
1.81597
1.81657
1.81623
1.81506
1.81322
1.81087
1.80819
1.8054
1.8027
1.80029
1.79829
1.79676
1.79568
1.79503
1.79481
1.79507
1.79589
1.79745
1.79989
1.80337
1.80792
1.81341
1.8195
1.82563
1.83119
1.83553
1.83813
1.83861
1.83681
1.83294
1.82766
1.82211
1.81776
1.81589
1.81709
1.82094
1.82639
1.83217
1.83737
1.84148
1.84437
1.84612
1.8469
1.84684
1.84607
1.84465
1.84258
1.83987
1.83649
1.83244
1.82773
1.82243
1.81662
1.81042
1.80401
1.79768
1.7919
1.78734
1.78476
1.78466
1.78704
1.79133
1.79661
1.80202
1.80694
1.81106
1.81428
1.81659
1.81801
1.81857
1.81833
1.81736
1.81582
1.81389
1.81177
1.80968
1.80781
1.80627
1.8051
1.80427
1.80371
1.80332
1.80302
1.8028
1.80261
1.80244
1.80222
1.80185
1.80121
1.80029
1.79918
1.79818
1.79771
1.79823
1.80006
1.80329
1.80767
1.8128
1.81815
1.82326
1.82778
1.83152
1.83438
1.83637
1.83752
1.83792
1.83761
1.83666
1.83512
1.83305
1.83051
1.82756
1.8243
1.82087
1.81741
1.8141
1.81114
1.80869
1.8069
1.80584
1.80553
1.8059
1.80684
1.80818
1.80971
1.81121
1.81249
1.81335
1.81364
1.81326
1.81216
1.81037
1.80796
1.80508
1.80194
1.79877
1.79586
1.79349
1.792
1.79166
1.7927
1.79515
1.79879
1.80319
1.80775
1.8119
1.81518
1.81734
1.81835
1.81833
1.81759
1.81647
1.81533
1.81445
1.81394
1.81372
1.81357
1.81318
1.81235
1.81103
1.80938
1.80773
1.80647
1.80589
1.80606
1.80681
1.8078
1.80865
1.80901
1.80867
1.80748
1.80541
1.80245
1.79868
1.79423
1.78929
1.78419
1.77929
1.77503
1.77179
1.76989
1.76948
1.77055
1.77296
1.77642
1.78056
1.78494
1.78912
1.79269
1.79528
1.79664
1.79663
1.79527
1.79277
1.78956
1.78623
1.78348
1.78188
1.78173
1.78294
1.7851
1.78763
1.79002
1.79187
1.79298
1.7933
1.79288
1.79183
1.79029
1.7884
1.78627
1.78404
1.78176
1.7795
1.77726
1.77503
1.77275
1.77035
1.76778
1.76495
1.76183
1.7584
1.75469
1.75078
1.74681
1.74298
1.73953
1.73669
1.73466
1.73354
1.73332
1.73388
1.73506
1.73662
1.73832
1.73997
1.74138
1.7424
1.74295
1.74295
1.74239
1.74128
1.73966
1.73763
1.73534
1.73297
1.73072
1.72878
1.72728
1.72628
1.72578
1.72573
1.72609
1.72682
1.72786
1.72911
1.73045
1.7317
1.73268
1.73322
1.73325
1.73276
1.73185
1.73076
1.72978
1.72925
1.72945
1.73055
1.73255
1.73526
1.73842
1.74174
1.74493
1.74782
1.75027
1.75223
1.75368
1.75463
1.75507
1.75501
1.75441
1.75324
1.75148
1.74908
1.74608
1.74257
1.73875
1.73499
1.73173
1.72943
1.72845
1.72889
1.73058
1.73314
1.73608
1.73895
1.74143
1.74333
1.74458
1.74518
1.7452
1.74471
1.74378
1.74246
1.74079
1.73879
1.73646
1.7338
1.73083
1.72765
1.7244
1.72134
1.7188
1.71709
1.71648
1.71707
1.71875
1.72119
1.72388
1.7262
1.72747
1.72701
1.72427
1.71904
1.71173
1.70374
1.6973
1.69473
1.69714
1.7037
1.71224
1.72052
1.72714
1.73172
1.73456
1.73627
1.73748
1.73866
1.74008
1.74177
1.74363
1.74548
1.74713
1.74845
1.74934
1.7498
1.74982
1.74945
1.74875
1.74781
1.74668
1.74546
1.74424
1.74311
1.74215
1.74146
1.74109
1.7411
1.74148
1.74219
1.74318
1.74435
1.74561
1.74687
1.74806
1.74914
1.75008
1.75088
1.75151
1.75199
1.75229
1.75239
1.75224
1.75179
1.75097
1.74969
1.74789
1.74549
1.74243
1.73867
1.73426
1.72928
1.72398
1.71873
1.71403
1.71044
1.70846
1.70838
1.71016
1.71352
1.718
1.72311
1.72843
1.73364
1.73849
1.7428
1.74644
1.74929
1.7513
1.75244
1.75271
1.75221
1.75105
1.74939
1.74739
1.74519
1.74285
1.74034
1.73759
1.73456
1.73137
1.72837
1.72613
1.72526
1.72609
1.72845
1.73169
1.73486
1.73709
1.73776
1.73662
1.73378
1.72963
1.72475
1.71979
1.71534
1.71178
1.7093
1.70793
1.70774
1.70888
1.71151
1.71563
1.72095
1.72689
1.73277
1.73801
1.74227
1.74541
1.74746
1.74856
1.74887
1.74854
1.74772
1.74653
1.74507
1.74345
1.74177
1.74016
1.73872
1.73755
1.73671
1.73622
1.73604
1.73607
1.73618
1.73626
1.73619
1.73588
1.73532
1.73456
1.73366
1.73279
1.73208
1.73168
1.73173
1.73226
1.73329
1.73473
1.7365
1.73846
1.74049
1.7425
1.74443
1.74622
1.74786
1.74936
1.75074
1.75203
1.75326
1.75447
1.7557
1.75699
1.75838
1.75988
1.76151
1.7633
1.76524
1.76732
1.76954
1.77188
1.77433
1.77687
1.77949
1.78217
1.78491
1.7877
1.79054
1.79344
1.7964
1.79943
1.80254
1.80573
1.80902
1.81238
1.81581
1.81928
1.82273
1.82609
1.82928
1.83215
1.83458
1.8364
1.83741
1.83744
1.83631
1.83388
1.83004
1.82475
1.81806
1.81005
1.80091
1.79088
1.78045
1.77038
1.76191
1.75661
1.75592
1.76047
1.7696
1.78164
1.79466
1.80718
1.81843
1.82818
1.83644
1.84325
1.84859
1.85235
1.85445
1.85477
1.85326
1.84993
1.84504
1.83922
1.83355
1.82947
1.82823
1.83034
1.83529
1.84193
1.849
1.85561
1.86132
1.86604
1.86981
1.87272
1.87479
1.87601
1.87633
1.87568
1.87406
1.87149
1.86812
1.86419
1.86008
1.85624
1.85317
1.85123
1.85063
1.85133
1.85309
1.85554
1.85827
1.86094
1.86326
1.865
1.86592
1.86574
1.86408
1.86036
1.85391
1.84406
1.83063
1.81466
1.7991
1.78827
1.78548
1.79047
1.79961
1.80855
1.81462
1.81712
1.8166
1.81405
1.81036
1.80616
1.8019
1.79804
1.79524
1.79421
1.7955
1.79913
1.80452
1.81075
1.81691
1.82231
1.82662
1.82973
1.83174
1.83276
1.83296
1.83248
1.83143
1.82992
1.82801
1.82577
1.82326
1.82054
1.81763
1.81458
1.81142
1.80818
1.80489
1.80163
1.79845
1.79548
1.79282
1.79058
1.78885
1.78769
1.78711
1.7871
1.78763
1.78864
1.79006
1.79182
1.79381
1.79595
1.79813
1.80027
1.80231
1.8042
1.80592
1.80748
1.80888
1.81015
1.8113
1.81236
1.81334
1.81425
1.8151
1.81587
1.81653
1.81707
1.81744
1.81761
1.81754
1.81724
1.81669
1.81595
1.81506
1.81411
1.81314
1.81218
1.81119
1.81004
1.80852
1.80635
1.80322
1.79886
1.79309
1.78598
1.77795
1.76985
1.76293
1.75854
1.75761
1.76031
1.76594
1.77334
1.78135
1.78905
1.79588
1.80148
1.80564
1.80826
1.80938
1.80919
1.80811
1.80669
1.80558
1.8053
1.80611
1.80789
1.81017
1.81233
1.8137
1.81365
1.81167
1.80734
1.80038
1.79085
1.77937
1.76738
1.75698
1.7503
1.74832
1.75043
1.75481
1.75961
1.76365
1.76656
1.76854
1.77001
1.7714
1.77303
1.77503
1.77744
1.78014
1.78299
1.78578
1.78829
1.79032
1.79163
1.79196
1.79107
1.78865
1.7845
1.77854
1.7711
1.76307
1.75597
1.75155
1.75109
1.75466
1.76111
1.76869
1.77584
1.78161
1.7856
1.78784
1.7885
1.78783
1.78608
1.78347
1.78022
1.77658
1.77282
1.76923
1.76611
1.76376
1.7624
1.76212
1.76287
1.76447
1.76658
1.76884
1.77092
1.77253
1.77352
1.77381
1.77343
1.77247
1.77105
1.76931
1.76742
1.76556
1.76394
1.76279
1.7624
1.76304
1.76489
1.76802
1.77229
1.77741
1.78302
1.78871
1.79418
1.79918
1.80358
1.80731
1.81036
1.81276
1.81453
1.81571
1.81635
1.81648
1.81612
1.8153
1.81404
1.81231
1.81008
1.80728
1.8038
1.79954
1.79446
1.78865
1.78247
1.77661
1.77197
1.76948
1.76967
1.77247
1.77723
1.78306
1.78911
1.79476
1.79969
1.80373
1.80685
1.80906
1.81042
1.81104
1.81105
1.81059
1.80984
1.80894
1.80798
1.80699
1.80591
1.80466
1.8031
1.8011
1.79858
1.79549
1.79188
1.78784
1.78363
1.77961
1.7763
1.77426
1.77399
1.77577
1.77954
1.78494
1.79132
1.79799
1.8043
1.80978
1.81416
1.8173
1.81919
1.81988
1.81946
1.81806
1.81582
1.81295
1.80968
1.80629
1.80309
1.80041
1.79852
1.79766
1.79798
1.79948
1.802
1.80527
1.80887
1.81241
1.81555
1.81804
1.81974
1.82064
1.82073
1.82008
1.81873
1.81672
1.81407
1.8108
1.80697
1.80265
1.798
1.79315
1.78824
1.7833
1.77825
1.77297
1.76741
1.76182
1.75686
1.75358
1.75308
1.75594
1.76188
1.76985
1.7785
1.78667
1.79365
1.79915
1.80318
1.80592
1.80761
1.80852
1.80887
1.80888
1.80872
1.80852
1.80836
1.80829
1.8083
1.80836
1.8084
1.80835
1.80812
1.80761
1.80677
1.8055
1.80376
1.80149
1.7987
1.79538
1.79159
1.78741
1.78298
1.77846
1.77405
1.76994
1.76631
1.76332
1.7611
1.75974
1.75931
1.75984
1.76133
1.76371
1.76686
1.77054
1.77451
1.77846
1.78214
1.78532
1.78786
1.78967
1.79074
1.79108
1.79073
1.78977
1.78826
1.78628
1.78391
1.78121
1.77824
1.77504
1.77161
1.76798
1.76415
1.7602
1.75627
1.75255
1.74932
1.74682
1.74522
1.74453
1.74459
1.74512
1.74587
1.7467
1.74763
1.74889
1.75074
1.75338
1.75682
1.76085
1.76509
1.76913
1.77261
1.77529
1.77703
1.77782
1.77767
1.77666
1.77489
1.77245
1.76946
1.76603
1.76231
1.75844
1.75456
1.75085
1.74747
1.7446
1.74242
1.74104
1.74053
1.74085
1.74186
1.74332
1.745
1.74664
1.74803
1.74903
1.74955
1.74956
1.74906
1.74805
1.74658
1.74469
1.74243
1.73987
1.73708
1.73418
1.73127
1.72851
1.72602
1.72393
1.72233
1.72126
1.72068
1.72049
1.72055
1.72064
1.72057
1.7201
1.71908
1.71737
1.71496
1.71194
1.70855
1.70511
1.70204
1.69971
1.69843
1.69835
1.69951
1.7018
1.70507
1.70908
1.71353
1.71812
1.72256
1.72661
1.73006
1.73279
1.73467
1.73564
1.73561
1.73453
1.73242
1.72941
1.72586
1.72234
1.71959
1.71834
1.71901
1.72151
1.72532
1.72962
1.73363
1.73675
1.73865
1.73922
1.73845
1.73643
1.73324
1.72903
1.72404
1.71869
1.71362
1.70959
1.70728
1.70709
1.70898
1.71256
1.71732
1.72279
1.72867
1.73478
1.74099
1.74717
1.75315
1.75874
1.76376
1.76805
1.77149
1.77401
1.77558
1.77621
1.77594
1.77481
1.77292
1.77036
1.76725
1.76373
1.75995
1.75606
1.75221
1.74853
1.74513
1.74209
1.73952
1.7375
1.73611
1.73544
1.73558
1.73656
1.73837
1.74095
1.74419
1.74793
1.75201
1.75625
1.76052
1.76471
1.76874
1.7726
1.77627
1.77975
1.78306
1.78619
1.78914
1.79189
1.7944
1.79664
1.79859
1.80022
1.80151
1.80245
1.80303
1.80326
1.80313
1.80268
1.8019
1.80081
1.79943
1.7978
1.79596
1.79399
1.79197
1.79006
1.78839
1.78714
1.78644
1.78638
1.78695
1.78805
1.78954
1.79123
1.79296
1.79462
1.79616
1.79758
1.79894
1.80028
1.80164
1.80302
1.8044
1.80575
1.80702
1.80822
1.80937
1.81053
1.81179
1.81321
1.81482
1.81659
1.81839
1.81999
1.82111
1.82136
1.82031
1.81742
1.81209
1.80372
1.79183
1.77638
1.75809
1.73872
1.72079
1.70683
1.69852
1.69643
1.70033
1.7095
1.7229
1.73919
1.75697
1.77501
1.79233
1.80823
1.82227
1.83427
1.84421
1.85222
1.8585
1.8633
1.86684
1.86929
1.87079
