-0.329978
-0.330599
-0.330557
-0.329624
-0.327637
-0.324571
-0.320572
-0.316036
-0.311547
-0.307724
-0.305124
-0.30403
-0.304449
-0.306147
-0.308777
-0.31191
-0.315182
-0.318232
-0.320821
-0.322836
-0.324318
-0.325416
-0.326318
-0.327187
-0.328092
-0.329024
-0.329827
-0.330281
-0.33017
-0.329272
-0.327408
-0.324471
-0.320473
-0.31555
-0.310065
-0.304536
-0.299497
-0.295379
-0.292322
-0.290221
-0.288829
-0.287979
-0.287666
-0.287972
-0.288933
-0.290364
-0.291891
-0.293048
-0.293381
-0.292609
-0.290621
-0.287429
-0.283111
-0.277836
-0.271943
-0.266102
-0.261422
-0.259477
-0.26169
-0.268667
-0.279692
-0.293051
-0.306776
-0.319381
-0.330077
-0.338663
-0.345283
-0.350238
-0.353838
-0.356353
-0.357972
-0.358801
-0.358929
-0.358322
-0.356949
-0.354718
-0.351558
-0.347335
-0.341964
-0.335371
-0.327561
-0.31861
-0.308694
-0.298074
-0.287148
-0.276418
-0.26651
-0.258248
-0.25251
-0.250068
-0.251295
-0.255988
-0.263264
-0.27191
-0.28063
-0.28828
-0.294018
-0.297237
-0.297584
-0.295125
-0.290522
-0.285192
-0.281168
-0.28041
-0.28384
-0.290849
-0.299728
-0.308642
-0.31632
-0.32224
-0.326376
-0.329039
-0.33055
-0.331248
-0.331393
-0.331154
-0.330659
-0.32993
-0.328967
-0.327696
-0.325993
-0.323714
-0.320696
-0.316748
-0.311739
-0.305607
-0.298442
-0.290555
-0.282475
-0.274909
-0.268587
-0.264085
-0.261679
-0.261384
-0.263023
-0.266396
-0.271254
-0.277303
-0.284166
-0.291377
-0.298489
-0.305093
-0.310903
-0.315756
-0.319627
-0.322519
-0.324505
-0.325662
-0.326051
-0.325753
-0.324821
-0.323299
-0.321261
-0.318752
-0.315846
-0.312588
-0.308984
-0.304973
-0.300479
-0.295469
-0.290021
-0.284504
-0.279685
-0.276545
-0.275915
-0.27792
-0.281893
-0.286567
-0.290706
-0.293504
-0.294879
-0.295277
-0.295431
-0.296002
-0.297296
-0.299152
-0.301083
-0.302576
-0.303279
-0.303181
-0.30256
-0.301898
-0.301739
-0.302512
-0.304461
-0.307512
-0.311383
-0.315591
-0.319626
-0.323
-0.325366
-0.326478
-0.32623
-0.324635
-0.321838
-0.318027
-0.313491
-0.308534
-0.303522
-0.298899
-0.295184
-0.293006
-0.292964
-0.295393
-0.300234
-0.306988
-0.314898
-0.32313
-0.331037
-0.33813
-0.344221
-0.349226
-0.353217
-0.356316
-0.35863
-0.36029
-0.361423
-0.362125
-0.362473
-0.362494
-0.362201
-0.361609
-0.360717
-0.359473
-0.357873
-0.355924
-0.353664
-0.351173
-0.348562
-0.346024
-0.343732
-0.341802
-0.340325
-0.339291
-0.338581
-0.337987
-0.337288
-0.33628
-0.334835
-0.332898
-0.330506
-0.327772
-0.32484
-0.321895
-0.319045
-0.316431
-0.314166
-0.312351
-0.311062
-0.310372
-0.310286
-0.310749
-0.311628
-0.312829
-0.314269
-0.315923
-0.317868
-0.320158
-0.322797
-0.325653
-0.328466
-0.330881
-0.332527
-0.333162
-0.332676
-0.331135
-0.328747
-0.325783
-0.322575
-0.319412
-0.31663
-0.314504
-0.313285
-0.313156
-0.314179
-0.316316
-0.319436
-0.323309
-0.327681
-0.332254
-0.336771
-0.341019
-0.344831
-0.348114
-0.35082
-0.352939
-0.354441
-0.355323
-0.355555
-0.355103
-0.353878
-0.351821
-0.348858
-0.345046
-0.340564
-0.335784
-0.331323
-0.327916
-0.326225
-0.326625
-0.329008
-0.332898
-0.337582
-0.342369
-0.346726
-0.350356
-0.353088
-0.354847
-0.355589
-0.355197
-0.353524
-0.350335
-0.345394
-0.338477
-0.329556
-0.319003
-0.307757
-0.29735
-0.289675
-0.286326
-0.287924
-0.293748
-0.301997
-0.310588
-0.317896
-0.323213
-0.3267
-0.329001
-0.330867
-0.332788
-0.33496
-0.337352
-0.339862
-0.342423
-0.344949
-0.347388
-0.349701
-0.351794
-0.35363
-0.355179
-0.356432
-0.357356
-0.357876
-0.357887
-0.357286
-0.355929
-0.353724
-0.350617
-0.346655
-0.34204
-0.3372
-0.332791
-0.329607
-0.328388
-0.329556
-0.332979
-0.338106
-0.344164
-0.350455
-0.356445
-0.361838
-0.366488
-0.37029
-0.37314
-0.374947
-0.375674
-0.375317
-0.373989
-0.371942
-0.369509
-0.367109
-0.365087
-0.363615
-0.362729
-0.362277
-0.362151
-0.362395
-0.363243
-0.365059
-0.368127
-0.372483
-0.377873
-0.383808
-0.38975
-0.395236
-0.39995
-0.403712
-0.406452
-0.408187
-0.408962
-0.408875
-0.408065
-0.406739
-0.405201
-0.403758
-0.402778
-0.40251
-0.403097
-0.404494
-0.406516
-0.408906
-0.411341
-0.413497
-0.415019
-0.415558
-0.414806
-0.412677
-0.409394
-0.405604
-0.402375
-0.400925
-0.40221
-0.406472
-0.413184
-0.421236
-0.42937
-0.436568
-0.442128
-0.445669
-0.447018
-0.446018
-0.442488
-0.436262
-0.42723
-0.415602
-0.402144
-0.388302
-0.3759
-0.366514
-0.360901
-0.359006
-0.360599
-0.365636
-0.374223
-0.386056
-0.400208
-0.415234
-0.429595
-0.442044
-0.451787
-0.458593
-0.462657
-0.464546
-0.465066
-0.465069
-0.465318
-0.466212
-0.467783
-0.469739
-0.471589
-0.472818
-0.472973
-0.471728
-0.468813
-0.464084
-0.457415
-0.448741
-0.438086
-0.425623
-0.411774
-0.397306
-0.383412
-0.37157
-0.363127
-0.358809
-0.358715
-0.362554
-0.36994
-0.380145
-0.391839
-0.403332
-0.41303
-0.419946
-0.423771
-0.424623
-0.422954
-0.41937
-0.41459
-0.409353
-0.404434
-0.400462
-0.397857
-0.396722
-0.39683
-0.397648
-0.398444
-0.398443
-0.397097
-0.394218
-0.390233
-0.386154
-0.383332
-0.382952
-0.385478
-0.390438
-0.396721
-0.403121
-0.408714
-0.413055
-0.416008
-0.417655
-0.41814
-0.41764
-0.416289
-0.414204
-0.411481
-0.408235
-0.404637
-0.400888
-0.397239
-0.393979
-0.391373
-0.389618
-0.388817
-0.388961
-0.38992
-0.391466
-0.393343
-0.395285
-0.397054
-0.398507
-0.399557
-0.400191
-0.400437
-0.400333
-0.399909
-0.399164
-0.398115
-0.396729
-0.395034
-0.393112
-0.391078
-0.389066
-0.387221
-0.38564
-0.384286
-0.383079
-0.381816
-0.380306
-0.378372
-0.375874
-0.372763
-0.368941
-0.364281
-0.358637
-0.351969
-0.344504
-0.336998
-0.330709
-0.327176
-0.327616
-0.33238
-0.340709
-0.351096
-0.361839
-0.371597
-0.379595
-0.385528
-0.389448
-0.391574
-0.392169
-0.391484
-0.389701
-0.386952
-0.383332
-0.378896
-0.373712
-0.3679
-0.361624
-0.355139
-0.348711
-0.34258
-0.336881
-0.331617
-0.326692
-0.321956
-0.317382
-0.313119
-0.309462
-0.306812
-0.305537
-0.305734
-0.307229
-0.309585
-0.312206
-0.3146
-0.316547
-0.318206
-0.319955
-0.322305
-0.325558
-0.329688
-0.334345
-0.339
-0.34316
-0.346507
-0.348945
-0.350576
-0.351612
-0.352333
-0.35302
-0.353893
-0.355074
-0.356625
-0.35849
-0.360601
-0.362829
-0.365054
-0.367132
-0.369006
-0.370566
-0.371765
-0.372566
-0.372948
-0.372923
-0.372522
-0.371803
-0.370864
-0.369814
-0.368704
-0.367553
-0.366275
-0.364713
-0.362697
-0.360189
-0.357328
-0.354404
-0.351717
-0.349277
-0.346796
-0.343812
-0.340038
-0.335691
-0.331466
-0.328159
-0.326116
-0.324999
-0.323876
-0.321897
-0.318967
-0.315971
-0.314346
-0.315193
-0.318654
-0.324086
-0.330569
-0.337478
-0.344546
-0.351651
-0.358637
-0.365245
-0.371186
-0.376233
-0.380244
-0.383229
-0.385284
-0.386573
-0.387295
-0.3876
-0.387634
-0.387519
-0.38733
-0.387119
-0.386893
-0.386664
-0.386431
-0.386168
-0.385874
-0.385513
-0.385078
-0.38455
-0.383886
-0.383067
-0.382067
-0.380832
-0.379308
-0.37741
-0.375061
-0.372155
-0.368604
-0.364369
-0.35941
-0.353814
-0.347686
-0.341223
-0.334693
-0.328462
-0.323138
-0.319615
-0.31885
-0.321446
-0.327134
-0.334804
-0.342895
-0.350059
-0.355465
-0.358805
-0.360187
-0.359969
-0.358581
-0.356521
-0.354308
-0.352393
-0.351119
-0.350696
-0.351133
-0.352286
-0.353875
-0.355582
-0.357089
-0.358148
-0.358591
-0.358307
-0.357241
-0.3554
-0.352844
-0.349707
-0.346204
-0.342647
-0.339392
-0.336798
-0.335196
-0.334705
-0.335295
-0.336733
-0.338694
-0.340872
-0.343001
-0.34489
-0.346425
-0.347564
-0.348345
-0.348777
-0.348953
-0.348928
-0.348783
-0.348618
-0.348466
-0.348398
-0.348431
-0.348557
-0.348751
-0.348916
-0.348962
-0.348787
-0.348288
-0.347335
-0.345791
-0.343484
-0.340186
-0.335665
-0.32972
-0.322386
-0.314104
-0.305996
-0.299782
-0.297234
-0.299373
-0.305778
-0.314878
-0.324773
-0.33397
-0.341725
-0.347816
-0.352382
-0.355689
-0.358024
-0.359605
-0.36063
-0.361235
-0.361505
-0.361517
-0.361313
-0.360902
-0.360315
-0.359549
-0.358601
-0.357472
-0.35614
-0.354618
-0.3529
-0.350993
-0.348922
-0.346713
-0.344435
-0.342157
-0.340019
-0.338145
-0.336755
-0.335977
-0.335988
-0.336841
-0.338546
-0.340976
-0.343955
-0.347221
-0.35051
-0.353563
-0.35617
-0.358143
-0.359369
-0.359762
-0.359306
-0.358021
-0.356073
-0.353687
-0.351195
-0.349042
-0.347705
-0.347594
-0.348999
-0.351969
-0.356319
-0.361698
-0.367649
-0.373687
-0.379384
-0.38435
-0.388298
-0.390932
-0.392067
-0.391577
-0.38949
-0.385925
-0.381203
-0.375745
-0.37004
-0.364534
-0.359592
-0.355565
-0.352883
-0.352149
-0.354007
-0.35881
-0.36629
-0.375406
-0.384772
-0.393073
-0.399405
-0.403367
-0.404962
-0.404455
-0.402201
-0.398621
-0.394091
-0.388945
-0.383386
-0.37758
-0.371604
-0.365622
-0.359849
-0.354594
-0.350221
-0.347077
-0.345279
-0.34467
-0.344773
-0.344743
-0.343513
-0.339875
-0.332702
-0.321558
-0.307585
-0.29441
-0.287441
-0.29064
-0.303241
-0.320393
-0.336944
-0.349954
-0.358794
-0.363992
-0.366481
-0.367053
-0.366318
-0.364682
-0.362464
-0.359923
-0.35733
-0.354975
-0.353112
-0.351921
-0.351435
-0.351523
-0.351871
-0.352108
-0.351852
-0.350778
-0.348665
-0.345413
-0.341062
-0.335815
-0.330062
-0.324351
-0.319412
-0.315961
-0.314543
-0.315331
-0.318065
-0.322179
-0.326956
-0.331773
-0.336158
-0.339876
-0.34285
-0.345135
-0.346845
-0.348114
-0.349042
-0.349753
-0.350318
-0.350786
-0.351206
-0.351554
-0.351812
-0.351909
-0.351769
-0.351286
-0.350322
-0.348753
-0.346475
-0.343451
-0.339724
-0.335456
-0.330916
-0.326327
-0.321792
-0.317136
-0.311889
-0.305374
-0.297044
-0.286717
-0.274744
-0.262011
-0.249685
-0.238964
-0.231074
-0.227315
-0.22883
-0.235952
-0.247752
-0.262276
-0.277372
-0.291432
-0.303586
-0.313608
-0.321624
-0.327927
-0.332853
-0.336689
-0.339694
-0.342065
-0.34397
-0.345515
-0.346782
-0.347829
-0.348692
-0.349378
-0.349895
-0.350244
-0.350402
-0.35032
-0.349969
-0.3493
-0.348224
-0.346677
-0.344535
-0.341683
-0.337935
-0.333125
-0.327059
-0.319514
-0.310368
-0.299674
-0.287886
-0.276109
-0.266101
-0.259908
-0.258966
-0.2634
-0.271833
-0.282243
-0.2928
-0.302367
-0.31045
-0.316971
-0.322088
-0.325999
-0.328929
-0.331044
-0.332501
-0.3334
-0.333818
-0.333841
-0.333502
-0.332854
-0.331941
-0.330796
-0.329453
-0.328005
-0.3265
-0.325035
-0.323685
-0.322537
-0.32167
-0.321128
-0.320912
-0.32097
-0.321202
-0.321466
-0.321582
-0.321345
-0.320609
-0.319258
-0.317252
-0.314669
-0.311683
-0.3086
-0.305779
-0.303571
-0.302266
-0.302013
-0.302818
-0.304513
-0.306848
-0.309524
-0.312268
-0.314854
-0.317138
-0.319052
-0.320566
-0.32171
-0.32252
-0.323057
-0.323406
-0.323686
-0.323997
-0.324454
-0.325187
-0.326234
-0.327608
-0.329228
-0.330965
-0.3326
-0.333883
-0.334546
-0.334309
-0.332925
-0.330221
-0.326177
-0.32098
-0.315149
-0.309505
-0.305054
-0.302638
-0.302615
-0.304625
-0.30778
-0.311047
-0.3136
-0.315001
-0.315205
-0.314593
-0.313751
-0.313364
-0.314004
-0.316012
-0.319308
-0.32349
-0.327886
-0.331697
-0.334117
-0.334424
-0.332085
-0.326831
-0.318775
-0.308425
-0.29672
-0.285024
-0.275156
-0.269199
-0.268915
-0.275022
-0.28663
-0.30165
-0.317657
-0.332666
-0.345498
-0.355582
-0.362724
-0.366857
-0.367907
-0.365794
-0.36051
-0.352273
-0.341732
-0.330276
-0.319945
-0.312981
-0.310912
-0.313799
-0.320224
-0.328069
-0.335464
-0.341237
-0.344928
-0.346597
-0.346611
-0.345457
-0.343665
-0.341715
-0.339976
-0.338742
-0.338129
-0.338132
-0.338621
-0.339438
-0.340389
-0.341327
-0.342183
-0.343028
-0.343971
-0.34521
-0.346891
-0.349086
-0.351724
-0.354643
-0.357633
-0.360446
-0.362901
-0.364919
-0.366473
-0.367595
-0.368377
-0.368974
-0.369508
-0.370126
-0.370956
-0.372075
-0.373533
-0.375309
-0.377367
-0.379631
-0.382004
-0.384392
-0.386695
-0.388833
-0.390741
-0.392345
-0.393567
-0.394333
-0.394572
-0.394178
-0.393059
-0.391106
-0.388254
-0.384428
-0.379621
-0.373895
-0.367356
-0.360242
-0.352871
-0.345613
-0.338869
-0.332991
-0.328137
-0.324307
-0.321338
-0.319121
-0.317814
-0.317858
-0.319903
-0.324313
-0.330907
-0.338982
-0.34756
-0.355824
-0.36329
-0.369815
-0.37542
-0.380179
-0.384083
-0.387082
-0.389075
-0.389999
-0.389925
-0.389036
-0.387636
-0.386114
-0.384792
-0.383893
-0.383514
-0.383619
-0.384153
-0.385004
-0.386098
-0.387391
-0.388842
-0.390384
-0.391959
-0.393467
-0.394798
-0.3959
-0.396654
-0.397003
-0.396881
-0.396205
-0.394893
-0.392852
-0.389989
-0.386243
-0.381613
-0.376284
-0.37066
-0.365399
-0.361345
-0.3593
-0.359713
-0.362494
-0.367025
-0.372455
-0.377939
-0.382869
-0.386914
-0.389929
-0.391884
-0.392808
-0.392776
-0.391825
-0.390061
-0.387623
-0.384725
-0.381675
-0.378787
-0.37637
-0.374567
-0.373392
-0.372707
-0.372299
-0.371943
-0.371505
-0.371
-0.370537
-0.370255
-0.370266
-0.370598
-0.371174
-0.371891
-0.372564
-0.37306
-0.373282
-0.373185
-0.372826
-0.372291
-0.371695
-0.371178
-0.370853
-0.370792
-0.371018
-0.371515
-0.372219
-0.373043
-0.373885
-0.374675
-0.375356
-0.375875
-0.376222
-0.376414
-0.376457
-0.376371
-0.376177
-0.375905
-0.375578
-0.375203
-0.374796
-0.374379
-0.37395
-0.373524
-0.37312
-0.372727
-0.372368
-0.372049
-0.371802
-0.371635
-0.371552
-0.371575
-0.371723
-0.371986
-0.372377
-0.3729
-0.373555
-0.374328
-0.375197
-0.376157
-0.377178
-0.378239
-0.379323
-0.380393
-0.381426
-0.382399
-0.383271
-0.384008
-0.384547
-0.384824
-0.384758
-0.384241
-0.38318
-0.381453
-0.378979
-0.375706
-0.371696
-0.367109
-0.362235
-0.35747
-0.353242
-0.349951
-0.347904
-0.347283
-0.348165
-0.350402
-0.353686
-0.35759
-0.361667
-0.365517
-0.368853
-0.371512
-0.373483
-0.37473
-0.375277
-0.375112
-0.37422
-0.372607
-0.370398
-0.367871
-0.365529
-0.364013
-0.363935
-0.365645
-0.369026
-0.373514
-0.378261
-0.382436
-0.385415
-0.386867
-0.386735
-0.385179
-0.382486
-0.379035
-0.375211
-0.371391
-0.36782
-0.364639
-0.361858
-0.359343
-0.356927
-0.354465
-0.351943
-0.349533
-0.347644
-0.346772
-0.347305
-0.349375
-0.352742
-0.356853
-0.361067
-0.364858
-0.367846
-0.369849
-0.37081
-0.370727
-0.369578
-0.367343
-0.363896
-0.359033
-0.352536
-0.344222
-0.33412
-0.322522
-0.310054
-0.297432
-0.285429
-0.275209
-0.268945
-0.269559
-0.278852
-0.295442
-0.315309
-0.334271
-0.349904
-0.361591
-0.369769
-0.375231
-0.378762
-0.380965
-0.382279
-0.383012
-0.38336
-0.383464
-0.383386
-0.383177
-0.38284
-0.38235
-0.381691
-0.380771
-0.379487
-0.37768
-0.375148
-0.371642
-0.366828
-0.360371
-0.351995
-0.341603
-0.329466
-0.316392
-0.303718
-0.293127
-0.286242
-0.284132
-0.286775
-0.292744
-0.299671
-0.305227
-0.308111
-0.308675
-0.308687
-0.310403
-0.315284
-0.323169
-0.332669
-0.342094
-0.350266
-0.35673
-0.361499
-0.364731
-0.366605
-0.367188
-0.366472
-0.36441
-0.36095
-0.356053
-0.349742
-0.342143
-0.33349
-0.324107
-0.314481
-0.305177
-0.296854
-0.29018
-0.285792
-0.284157
-0.285514
-0.289828
-0.29676
-0.305666
-0.315753
-0.326187
-0.336162
-0.345091
-0.352625
-0.358601
-0.36305
-0.366079
-0.367871
-0.368572
-0.368365
-0.367375
-0.36571
-0.363437
-0.360637
-0.357392
-0.353826
-0.350128
-0.346561
-0.343473
-0.341176
-0.339956
-0.339903
-0.340928
-0.342759
-0.34501
-0.347258
-0.349101
-0.350213
-0.350384
-0.349514
-0.347653
-0.344934
-0.341572
-0.33791
-0.33437
-0.331363
-0.329323
-0.328561
-0.329237
-0.331304
-0.334543
-0.338675
-0.343411
-0.348592
-0.354101
-0.359804
-0.365491
-0.370884
-0.375656
-0.379567
-0.382445
-0.384271
-0.385133
-0.385203
-0.384658
-0.383683
-0.382451
-0.381117
-0.379755
-0.378399
-0.377011
-0.375533
-0.373835
-0.371785
-0.369231
-0.366075
-0.362286
-0.357916
-0.353146
-0.348285
-0.343729
-0.339956
-0.337352
-0.336208
-0.336575
-0.338336
-0.341177
-0.344696
-0.348469
-0.352124
-0.355375
-0.358058
-0.360074
-0.36144
-0.362174
-0.362368
-0.362127
-0.361513
-0.360588
-0.359407
-0.357967
-0.356283
-0.354412
-0.352443
-0.350517
-0.348857
-0.34769
-0.347194
-0.347475
-0.348565
-0.350406
-0.352899
-0.355954
-0.359441
-0.363204
-0.367061
-0.370815
-0.374246
-0.377176
-0.379474
-0.381023
-0.381772
-0.381674
-0.38072
-0.378922
-0.376244
-0.372742
-0.368532
-0.363763
-0.358702
-0.353699
-0.349153
-0.345462
-0.342906
-0.341616
-0.341564
-0.342542
-0.344289
-0.346424
-0.348569
-0.350341
-0.351403
-0.351502
-0.350456
-0.348284
-0.345166
-0.341448
-0.337653
-0.3344
-0.332289
-0.331723
-0.332838
-0.33543
-0.339058
-0.343145
-0.34718
-0.350783
-0.353735
-0.355981
-0.357562
-0.35859
-0.359202
-0.359565
-0.359808
-0.360045
-0.360359
-0.360817
-0.361457
-0.362274
-0.363267
-0.36439
-0.36561
-0.366868
-0.368143
-0.369366
-0.370501
-0.37152
-0.372396
-0.373096
-0.37358
-0.373815
-0.373727
-0.373256
-0.372306
-0.370772
-0.368545
-0.365515
-0.361588
-0.356725
-0.351055
-0.344844
-0.338624
-0.333175
-0.329373
-0.328034
-0.329524
-0.333683
-0.339885
-0.347204
-0.354726
-0.361795
-0.367981
-0.373113
-0.377181
-0.380237
-0.382391
-0.383753
-0.384446
-0.384552
-0.384149
-0.383306
-0.382064
-0.380459
-0.378483
-0.376102
-0.373234
-0.369737
-0.3654
-0.36001
-0.353399
-0.345599
-0.337033
-0.328648
-0.321837
-0.318047
-0.318114
-0.321823
-0.328021
-0.335245
-0.342297
-0.348504
-0.353638
-0.357736
-0.360957
-0.363444
-0.365344
-0.366689
-0.367552
-0.367956
-0.367953
-0.36762
-0.367033
-0.366325
-0.365631
-0.365078
-0.364801
-0.364898
-0.365428
-0.366421
-0.367847
-0.369667
-0.371785
-0.37413
-0.376574
-0.379047
-0.381414
-0.38359
-0.38549
-0.387045
-0.388174
-0.388838
-0.388991
-0.388627
-0.387768
-0.386446
-0.384733
-0.382702
-0.380436
-0.377956
-0.37525
-0.37233
-0.369228
-0.366129
-0.36335
-0.361332
-0.360544
-0.361232
-0.363375
-0.366571
-0.370197
-0.373585
-0.37617
-0.377656
-0.378082
-0.377743
-0.377072
-0.376506
-0.376309
-0.3765
-0.376935
-0.377373
-0.377678
-0.377826
-0.377838
-0.377727
-0.377466
-0.376961
-0.376169
-0.375269
-0.374728
-0.375207
-0.377269
-0.381094
-0.386348
-0.392231
-0.397846
-0.40243
-0.40549
-0.406749
-0.406149
-0.40375
-0.39975
-0.39451
-0.388569
-0.382542
-0.377068
-0.372564
-0.369242
-0.367065
-0.365849
-0.365473
-0.365862
-0.367047
-0.36907
-0.371886
-0.375335
-0.379161
-0.383047
-0.386622
-0.389556
-0.391568
-0.39237
-0.391804
-0.389819
-0.386435
-0.381853
-0.376415
-0.370649
-0.365214
-0.360826
-0.358082
-0.357358
-0.358715
-0.361876
-0.366369
-0.371622
-0.377129
-0.382452
-0.387276
-0.3914
-0.394733
-0.397232
-0.39891
-0.399785
-0.399905
-0.399281
-0.397927
-0.395867
-0.393151
-0.38991
-0.386381
-0.382961
-0.380158
-0.378462
-0.378207
-0.379425
-0.381785
-0.384715
-0.387576
-0.389825
-0.391149
-0.391466
-0.390907
-0.389743
-0.388334
-0.38705
-0.386211
-0.385931
-0.386229
-0.38701
-0.388099
-0.389313
-0.390489
-0.391537
-0.392325
-0.392781
-0.392807
-0.39233
-0.391274
-0.389603
-0.387322
-0.384484
-0.38122
-0.377726
-0.374179
-0.370786
-0.367682
-0.364949
-0.362612
-0.36063
-0.358977
-0.357681
-0.356819
-0.356501
-0.356854
-0.357951
-0.359812
-0.362364
-0.365445
-0.368868
-0.372387
-0.375804
-0.378946
-0.381722
-0.384066
-0.385999
-0.387589
-0.38895
-0.390174
-0.391378
-0.392597
-0.393855
-0.3951
-0.396288
-0.39731
-0.398078
-0.39853
-0.398577
-0.398193
-0.397357
-0.39606
-0.394361
-0.39232
-0.390072
-0.38778
-0.385615
-0.383759
-0.382401
-0.381639
-0.38155
-0.382118
-0.38328
-0.384924
-0.386932
-0.389168
-0.391507
-0.393846
-0.396051
-0.398038
-0.399688
-0.400918
-0.401648
-0.401815
-0.401398
-0.400404
-0.398898
-0.397008
-0.39494
-0.392894
-0.391108
-0.389737
-0.388839
-0.388351
-0.388119
-0.387998
-0.388026
-0.388473
-0.389834
-0.392519
-0.396667
-0.401909
-0.407537
-0.41277
-0.417057
-0.420207
-0.422302
-0.423663
-0.424634
-0.4255
-0.426409
-0.427367
-0.428279
-0.428947
-0.429196
-0.428872
-0.42788
-0.426203
-0.423913
-0.421146
-0.418091
-0.414991
-0.412079
-0.409616
-0.407769
-0.406677
-0.406389
-0.406841
-0.407913
-0.409391
-0.411029
-0.412591
-0.413825
-0.414581
-0.414821
-0.414618
-0.414143
-0.413595
-0.413079
-0.41257
-0.41191
-0.410897
-0.409301
-0.407037
-0.404337
-0.401761
-0.400127
-0.400207
-0.402323
-0.405999
-0.410275
-0.414112
-0.416807
-0.418148
-0.418184
-0.4171
-0.414994
-0.411914
-0.407993
-0.403586
-0.39941
-0.396358
-0.395164
-0.396046
-0.398593
-0.40191
-0.40507
-0.407365
-0.408434
-0.408265
-0.407094
-0.405202
-0.402869
-0.400205
-0.397149
-0.393449
-0.388944
-0.383667
-0.378094
-0.373099
-0.369734
-0.368797
-0.370424
-0.374061
-0.378714
-0.383346
