1.17067
1.17035
1.1708
1.17181
1.1731
1.17437
1.17541
1.17607
1.17635
1.17631
1.17608
1.1758
1.17558
1.17552
1.17571
1.17623
1.17717
1.1786
1.18052
1.18284
1.18542
1.18809
1.19065
1.19296
1.1949
1.19641
1.19749
1.19817
1.19849
1.19853
1.19837
1.19811
1.19782
1.19759
1.19747
1.19752
1.19773
1.19812
1.19865
1.19927
1.19992
1.20052
1.20099
1.20126
1.2013
1.20111
1.20075
1.20031
1.1999
1.19959
1.19939
1.19917
1.19868
1.19751
1.19518
1.19125
1.18543
1.17778
1.16883
1.15959
1.15133
1.14528
1.14216
1.14201
1.14435
1.14857
1.1542
1.16091
1.16836
1.17608
1.18356
1.19035
1.1962
1.20103
1.20493
1.20807
1.21062
1.2127
1.21438
1.21566
1.21651
1.21684
1.21659
1.21565
1.21393
1.21135
1.20784
1.20336
1.19797
1.19186
1.18544
1.1793
1.17416
1.17067
1.16916
1.16957
1.17153
1.17452
1.17805
1.18176
1.18541
1.18879
1.19178
1.19425
1.19606
1.19714
1.1974
1.19683
1.19544
1.19333
1.19064
1.1876
1.18449
1.18159
1.17914
1.17727
1.17597
1.17517
1.1748
1.17486
1.17543
1.17664
1.17858
1.18124
1.18449
1.18813
1.19196
1.19578
1.19945
1.20285
1.20591
1.20854
1.21065
1.21217
1.213
1.21305
1.21223
1.21044
1.20768
1.20401
1.19967
1.19511
1.19102
1.18817
1.18715
1.18819
1.19099
1.19492
1.19923
1.2033
1.20673
1.20933
1.21108
1.21205
1.21233
1.21205
1.21133
1.21028
1.20899
1.20752
1.20595
1.20431
1.20268
1.20114
1.19977
1.19868
1.19793
1.19757
1.19759
1.19792
1.19848
1.19915
1.19983
1.2004
1.20076
1.20083
1.2005
1.19967
1.19829
1.19639
1.19411
1.19181
1.18994
1.18897
1.18923
1.19074
1.19323
1.19627
1.19944
1.20242
1.20504
1.20726
1.20911
1.21065
1.21194
1.21303
1.21397
1.21478
1.21547
1.21605
1.21649
1.21681
1.21697
1.21697
1.21678
1.2164
1.21581
1.215
1.21394
1.21264
1.21108
1.20927
1.2072
1.20492
1.20244
1.19981
1.1971
1.19438
1.19173
1.18924
1.18699
1.18504
1.18346
1.18226
1.18142
1.18091
1.18066
1.1806
1.1807
1.18095
1.18138
1.18202
1.18293
1.18414
1.18565
1.18742
1.18938
1.19142
1.19345
1.19536
1.19709
1.19858
1.19981
1.20076
1.20145
1.20188
1.20206
1.202
1.20171
1.20119
1.20045
1.19948
1.19829
1.1969
1.19537
1.19377
1.1922
1.19079
1.18969
1.18901
1.18883
1.18916
1.18995
1.19106
1.19236
1.19367
1.19483
1.19571
1.1962
1.19623
1.19579
1.1949
1.19368
1.19227
1.19089
1.18977
1.1891
1.18906
1.18974
1.19114
1.19322
1.19584
1.19885
1.20205
1.20529
1.2084
1.21127
1.21381
1.21598
1.21774
1.21908
1.22001
1.22054
1.22067
1.22044
1.21986
1.21896
1.21779
1.2164
1.21491
1.21345
1.21218
1.21128
1.21086
1.21097
1.21152
1.21235
1.21324
1.21395
1.21429
1.21415
1.21351
1.21246
1.2112
1.20995
1.20898
1.20851
1.20863
1.20935
1.21055
1.21205
1.21371
1.21541
1.21713
1.21888
1.22075
1.2228
1.22511
1.22769
1.23051
1.2335
1.23653
1.23946
1.24213
1.24438
1.24609
1.24715
1.24749
1.24708
1.24593
1.24411
1.24174
1.23899
1.23604
1.23306
1.23021
1.22757
1.22522
1.2232
1.22155
1.2203
1.21948
1.21909
1.2191
1.21947
1.22016
1.22113
1.22235
1.22378
1.22538
1.22707
1.22876
1.2303
1.23154
1.23229
1.2324
1.23171
1.23015
1.22765
1.22428
1.22018
1.2156
1.21095
1.20669
1.20338
1.20151
1.20145
1.20332
1.20695
1.21188
1.2175
1.22319
1.22846
1.23298
1.23662
1.23943
1.24153
1.2431
1.24432
1.24533
1.24623
1.24708
1.24788
1.24864
1.24934
1.24996
1.25046
1.25084
1.25106
1.25111
1.25096
1.25064
1.2502
1.24975
1.24938
1.24917
1.24909
1.24901
1.24867
1.24781
1.24623
1.24387
1.2409
1.23762
1.23434
1.23126
1.22836
1.22552
1.22263
1.21985
1.21766
1.21668
1.2175
1.22039
1.22519
1.23136
1.23817
1.24485
1.25075
1.25535
1.25832
1.25952
1.25894
1.25672
1.25313
1.24849
1.24321
1.2377
1.23231
1.22733
1.22297
1.21929
1.21632
1.21405
1.21248
1.21164
1.21142
1.21155
1.21152
1.21075
1.20877
1.20563
1.20223
1.20028
1.20164
1.20715
1.216
1.22625
1.23601
1.2441
1.25011
1.25413
1.25643
1.25733
1.2571
1.25597
1.25413
1.25175
1.24902
1.24612
1.24327
1.24063
1.23833
1.23641
1.23483
1.23346
1.23214
1.23073
1.22912
1.2273
1.22531
1.2233
1.22141
1.21981
1.21864
1.21796
1.21779
1.21805
1.21867
1.21957
1.22069
1.22203
1.22356
1.22529
1.22721
1.22929
1.2315
1.2338
1.23613
1.23845
1.2407
1.24286
1.24486
1.24665
1.24819
1.24941
1.25023
1.25056
1.25031
1.24934
1.24753
1.24476
1.24096
1.23611
1.23042
1.22431
1.21854
1.2141
1.21196
1.21259
1.21579
1.22073
1.22638
1.23194
1.23695
1.24128
1.24503
1.24831
1.25122
1.25379
1.25596
1.25764
1.25871
1.25903
1.25852
1.2571
1.25481
1.25174
1.24811
1.24425
1.24054
1.23737
1.23505
1.23371
1.2333
1.23366
1.23453
1.23566
1.23686
1.23796
1.23886
1.23949
1.23971
1.2394
1.23837
1.23643
1.23341
1.22926
1.22407
1.2182
1.21227
1.20707
1.20338
1.2017
1.20211
1.20431
1.20774
1.21184
1.21618
1.22046
1.22447
1.22804
1.23105
1.23341
1.23509
1.23611
1.23657
1.23661
1.23639
1.23608
1.2358
1.23563
1.23561
1.2357
1.23582
1.23589
1.23579
1.23543
1.23472
1.2336
1.23201
1.22991
1.22728
1.22411
1.22043
1.2163
1.21182
1.20713
1.20241
1.19787
1.19371
1.19011
1.1872
1.18503
1.18358
1.18279
1.18258
1.18286
1.18358
1.1847
1.1862
1.18809
1.19033
1.19285
1.19559
1.19842
1.20123
1.20389
1.20632
1.20843
1.21018
1.21153
1.21248
1.21304
1.21324
1.2131
1.21266
1.21199
1.21113
1.21015
1.20909
1.20801
1.20695
1.20593
1.20494
1.20397
1.20301
1.20202
1.20102
1.20002
1.1991
1.19836
1.19792
1.1979
1.19837
1.19935
1.20077
1.2025
1.2044
1.20628
1.20801
1.20945
1.21053
1.21121
1.21146
1.21129
1.21072
1.20979
1.20853
1.20698
1.20518
1.20322
1.20116
1.19916
1.19735
1.19589
1.19489
1.1944
1.19436
1.19464
1.19507
1.19543
1.19554
1.19522
1.19436
1.1929
1.19088
1.18843
1.18578
1.1832
1.181
1.17944
1.1787
1.17889
1.17997
1.18183
1.18425
1.18701
1.18989
1.19271
1.19532
1.19764
1.19964
1.20131
1.20265
1.2037
1.20448
1.20502
1.20534
1.20547
1.20544
1.20526
1.20497
1.20457
1.20409
1.20354
1.20295
1.20231
1.20164
1.20095
1.20025
1.19954
1.19881
1.19807
1.1973
1.19648
1.19561
1.19465
1.19357
1.19235
1.19095
1.18935
1.18753
1.18548
1.1832
1.18073
1.17812
1.17542
1.17273
1.17016
1.16782
1.16582
1.16426
1.16321
1.16269
1.16267
1.16307
1.16379
1.16472
1.16577
1.16689
1.16805
1.16924
1.17047
1.17172
1.17297
1.17418
1.17531
1.1763
1.17712
1.17772
1.17809
1.1782
1.17806
1.17767
1.17705
1.17621
1.17518
1.174
1.17268
1.17127
1.16978
1.16825
1.16669
1.1651
1.16351
1.16195
1.16051
1.1593
1.15847
1.15817
1.15852
1.15956
1.16122
1.16337
1.16581
1.16833
1.17073
1.17285
1.17454
1.1757
1.17626
1.17616
1.17536
1.17385
1.17166
1.16882
1.16543
1.16157
1.15735
1.15286
1.14818
1.14348
1.13899
1.13504
1.132
1.13013
1.1295
1.12996
1.1313
1.13335
1.13605
1.13946
1.14363
1.14853
1.15402
1.15983
1.16569
1.17134
1.17656
1.18123
1.18525
1.18859
1.1912
1.19305
1.19411
1.1943
1.19355
1.19177
1.18891
1.18498
1.18012
1.17464
1.16905
1.16395
1.15994
1.15737
1.15636
1.15679
1.15843
1.16105
1.16447
1.16846
1.17278
1.17718
1.18139
1.18525
1.1886
1.19138
1.19355
1.19509
1.19602
1.19637
1.19625
1.1958
1.19519
1.19465
1.19435
1.19439
1.19471
1.19517
1.19548
1.19534
1.19449
1.19272
1.18994
1.18617
1.18156
1.17642
1.17117
1.1663
1.16232
1.15959
1.1582
1.158
1.15861
1.15956
1.16047
1.16107
1.16127
1.16114
1.1609
1.16087
1.16142
1.16284
1.16522
1.16841
1.17205
1.17569
1.17894
1.18156
1.18352
1.18497
1.18621
1.18753
1.18914
1.19103
1.19304
1.19487
1.1962
1.19681
1.19662
1.19574
1.19442
1.19303
1.19194
1.19146
1.19167
1.19241
1.19333
1.19393
1.19371
1.19225
1.18936
1.1851
1.17994
1.17471
1.17043
1.16791
1.16744
1.16869
1.17098
1.17354
1.17572
1.17698
1.17689
1.17512
1.1715
1.16606
1.15901
1.15079
1.14205
1.13374
1.12695
1.12277
1.12184
1.12425
1.12966
1.13746
1.14682
1.15676
1.16629
1.17471
1.18157
1.18675
1.19027
1.19225
1.19284
1.19219
1.19041
1.18761
1.18388
1.17935
1.17425
1.16893
1.16387
1.15966
1.15682
1.15563
1.15597
1.15738
1.15913
1.16056
1.16118
1.16088
1.15997
1.15903
1.15878
1.1597
1.16183
1.16483
1.16811
1.17114
1.17357
1.17527
1.17629
1.17674
1.17677
1.17654
1.17618
1.17578
1.17542
1.17513
1.17495
1.17486
1.17486
1.17491
1.17496
1.17498
1.1749
1.17469
1.17431
1.17376
1.17306
1.17222
1.1713
1.17032
1.16931
1.16829
1.1673
1.16635
1.16553
1.16495
1.16475
1.16507
1.16602
1.16765
1.1699
1.17264
1.17568
