0.0547679
0.0547574
0.0545686
0.0541415
0.0534692
0.05262
0.0517232
0.0509372
0.0504105
0.0502658
0.0505822
0.0513984
0.0527136
0.0544769
0.056579
0.0588412
0.0610136
0.0628179
0.0640168
0.0645113
0.0643919
0.063911
0.063408
0.0632135
0.0635942
0.0647231
0.066663
0.0693347
0.0724854
0.0756937
0.0784744
0.0804713
0.0816239
0.0821414
0.0823452
0.0824753
0.0826191
0.0827323
0.0826938
0.0823697
0.0816524
0.0804842
0.0788648
0.0768548
0.0745664
0.0721479
0.06975
0.0675146
0.0655486
0.0639209
0.0626628
0.0617792
0.0612688
0.0611397
0.0614237
0.0621716
0.0634343
0.0652263
0.0674767
0.069983
0.0723706
0.0741068
0.0746208
0.073562
0.0709945
0.0673507
0.0631893
0.0589933
0.0550994
0.0517164
0.0489572
0.046867
0.0454349
0.0446167
0.0443505
0.0445612
0.0451685
0.0460855
0.0472175
0.0484593
0.049705
0.05085
0.051801
0.0524929
0.0528938
0.053003
0.0528532
0.052499
0.0520037
0.0514302
0.0508408
0.0502875
0.0498196
0.0494705
0.0492571
0.0491683
0.049156
0.0491419
0.0490297
0.0487364
0.0482242
0.0475195
0.0467033
0.0458774
0.0451384
0.0445486
0.0441266
0.0438546
0.0436882
0.043573
0.0434569
0.0433021
0.0430876
0.0428206
0.0425268
0.0422464
0.0420288
0.0419264
0.0419896
0.0422614
0.0427768
0.0435559
0.0446066
0.0459192
0.0474602
0.049176
0.0509904
0.0528123
0.05455
0.0561304
0.0575235
0.0587584
0.0599227
0.061147
0.0625609
0.0642557
0.0662279
0.0683535
0.0703842
0.0720293
0.0730722
0.0734904
0.0734535
0.0732006
0.0728846
0.0725098
0.0719852
0.0712381
0.0702871
0.0692446
0.0682475
0.0673977
0.0667277
0.0662056
0.0657466
0.0652349
0.0645552
0.0636192
0.0623939
0.0609127
0.0592671
0.0575763
0.0559607
0.0545168
0.0533052
0.0523558
0.051678
0.0512611
0.0510769
0.0510802
0.0512067
0.0513698
0.0514754
0.0514399
0.0512173
0.0508054
0.0502484
0.0496137
0.0489633
0.0483399
0.0477594
0.0472161
0.0466966
0.0461993
0.0457363
0.045341
0.0450658
0.0449668
0.045098
0.0454946
0.0461717
0.0471144
0.048276
0.0495834
0.0509463
0.0522657
0.0534419
0.0543688
0.0549372
0.0550524
0.0546635
0.0538067
0.052601
0.0512196
0.0498356
0.0485798
0.0475273
0.0466962
0.0460642
0.0455882
0.0452163
0.0449042
0.0446212
0.044357
0.0441195
0.0439327
0.0438287
0.0438367
0.0439855
0.0442946
0.0447675
0.0453978
0.0461657
0.0470324
0.0479475
0.04885
0.0496723
0.050353
0.0508397
0.0511026
0.0511368
0.0509631
0.0506272
0.0501848
0.0496949
0.0492009
0.0487298
0.048287
0.0478622
0.0474402
0.0470084
0.0465695
0.0461346
0.0457272
0.0453713
0.0450874
0.0448871
0.0447699
0.0447259
0.0447318
0.0447632
0.0447915
0.0447901
0.0447407
0.0446311
0.0444614
0.0442399
0.0439807
0.0437039
0.0434356
0.0432014
0.043025
0.0429303
0.042936
0.0430578
0.043306
0.0436863
0.044198
0.0448336
0.0455821
0.046428
0.04735
0.0483332
0.0493567
0.0503972
0.0514388
0.0524645
0.0534634
0.0544355
0.055385
0.0563087
0.0571657
0.0578564
0.0582102
0.0580342
0.0571834
0.0556352
0.0535056
0.0509983
0.048338
0.0457124
0.0432515
0.0410291
0.0390775
0.0374037
0.0360001
0.0348476
0.0339258
0.0332155
0.0326951
0.0323466
0.0321566
0.0321124
0.0322049
0.0324267
0.0327717
0.0332378
0.0338201
0.0345148
0.0353137
0.03621
0.0371905
0.0382385
0.0393348
0.040455
0.0415732
0.0426645
0.0437105
0.0446944
0.0456095
0.0464528
0.0472283
0.0479363
0.0485827
0.0491695
0.0497009
0.050188
0.0506427
0.0510814
0.0515196
0.0519674
0.0524303
0.0528984
0.0533546
0.0537768
0.0541305
0.0543842
0.0545018
0.0544515
0.0542101
0.0537727
0.0531554
0.0523922
0.0515333
0.0506321
0.0497386
0.0488913
0.0481203
0.0474436
0.0468709
0.046407
0.0460477
0.0457839
0.0455951
0.0454509
0.0453135
0.0451377
0.0448813
0.0445143
0.044027
0.0434321
0.0427678
0.0420839
0.0414332
0.0408616
0.0404075
0.0400945
0.0399391
0.0399494
0.0401289
0.0404799
0.0410035
0.0417024
0.0425822
0.0436484
0.0449048
0.0463521
0.0479835
0.0497768
0.0516852
0.0536341
0.0555126
0.0571864
0.0585127
0.0593634
0.0596607
0.0593887
0.0585953
0.0573779
0.0558593
0.0541645
0.0524077
0.0506815
0.049053
0.0475664
0.0462484
0.0451074
0.0441464
0.0433589
0.0427385
0.0422776
0.0419726
0.0418197
0.0418178
0.0419659
0.0422675
0.0427189
0.0433181
0.0440566
0.0449229
0.0458954
0.0469488
0.0480562
0.0491886
0.0503276
0.0514653
0.0526062
0.0537693
0.0549851
0.0562864
0.0576955
0.0592199
0.0608462
0.0625362
0.0642411
0.0659095
0.0675149
0.0690617
0.0705642
0.0720117
0.0733153
0.0742991
0.0747422
0.0744944
0.0735554
0.0720766
0.0702777
0.0683473
0.0664003
0.0644846
0.0626049
0.0607534
0.0589208
0.0571061
0.0553187
0.053572
0.0518892
0.0502963
0.048819
0.047482
0.0463036
0.0452969
0.044465
0.0438042
0.0433009
0.0429279
0.0426541
0.0424431
0.042261
0.0420783
0.0418786
0.0416614
0.041443
0.0412531
0.0411299
0.0411141
0.0412382
0.041514
0.0419234
0.0424153
0.0429012
0.0432797
0.0434634
0.0434125
0.0431523
0.0427651
0.042369
0.0420811
0.0419992
0.0421933
0.0427119
0.0435876
0.0448399
0.0464832
0.0485212
0.0509423
0.0537055
0.0567273
0.0598838
0.0630182
0.0659758
0.0686482
0.0709876
0.0729891
0.0746318
0.0758369
0.0764706
0.0764095
0.0756236
0.0742044
0.0723289
0.0701881
0.0679315
0.0656465
0.063377
0.061138
0.0589421
0.0568084
0.0547617
0.0528317
0.0510405
0.0494023
0.0479201
0.0465853
0.0453794
0.0442783
0.0432601
0.0423089
0.0414142
0.0405776
0.0398049
0.0391128
0.0385219
0.0380539
0.0377343
0.0375893
0.0376442
0.0379239
0.0384538
0.0392566
0.040352
0.0417527
0.0434595
0.0454553
0.0476981
0.0501188
0.052631
0.0551363
0.0575363
0.0597351
0.0616111
0.0629892
0.063639
0.0633444
0.0620398
0.0598981
0.0572858
0.0546243
0.0522442
0.0503353
0.0489576
0.0480859
0.0476453
0.0475392
0.0476686
0.0479333
0.0482401
0.0485059
0.0486668
0.0486788
0.0485215
0.0481985
0.047733
0.0471651
0.0465432
0.0459131
0.0453234
0.0448091
0.0443969
0.0441001
0.0439193
0.0438466
0.043864
0.0439454
0.0440596
0.0441778
0.0442711
0.0443183
0.0443025
0.0442201
0.044072
0.0438676
0.0436226
0.0433525
0.0430728
0.0427994
0.0425455
0.0423228
0.0421429
0.0420136
0.0419444
0.0419433
0.0420209
0.0421872
0.0424558
0.0428388
0.0433469
0.0439916
0.0447802
0.0457151
0.0467836
0.0479588
0.0491955
0.0504225
0.0515514
0.0524896
0.0531544
0.053498
0.053519
0.0532619
0.0528041
0.0522376
0.0516463
0.0510991
0.0506437
0.0503064
0.0500994
0.0500196
0.0500545
0.0501846
0.0503912
0.0506519
0.0509426
0.051244
0.0515297
0.0517698
0.051934
0.0519892
0.0519156
0.0517104
0.0513935
0.0510133
0.0506222
0.0502727
0.0499994
0.0498074
0.0496767
0.0495633
0.0494162
0.0491892
0.0488527
0.0484003
0.0478476
0.0472296
0.0465859
0.0459566
0.045382
0.0448859
0.044491
0.0442111
0.0440534
0.044023
0.0441143
0.044314
0.0446011
0.0449424
0.0452963
0.0456175
0.0458666
0.0460212
0.0460805
0.0460705
0.0460358
0.0460344
0.0461186
0.0463295
0.0466864
0.0471899
0.0478157
0.0485235
0.049265
0.049986
0.0506373
0.051181
0.0515921
0.0518593
0.0519865
0.0519864
0.0518779
0.0516761
0.0513888
0.0510118
0.0505293
0.0499218
0.0491723
0.0482803
0.0472656
0.0461607
0.0450081
0.0438487
0.0427161
0.0416337
0.0406154
0.0396678
0.0387913
0.0379883
0.0372556
0.0365953
0.0360087
0.0354978
0.0350632
0.0347085
0.0344346
0.0342456
0.0341434
0.0341364
0.0342315
0.0344407
0.0347787
0.0352665
0.0359304
0.0368017
0.0379135
0.0392975
0.0409759
0.0429446
0.0451595
0.0475189
0.0498571
0.0519611
0.0536211
0.0547
0.0551931
0.0552455
0.0550953
0.0549884
0.0550852
0.0554015
0.0557977
0.0560355
0.0558861
0.055251
0.0541997
0.0529283
0.0516524
0.0505359
0.0496591
0.0490367
0.0486455
0.0484478
0.0484049
0.0484928
0.0487023
0.0490331
0.0494981
0.0501152
0.0508969
0.0518482
0.0529494
0.0541466
0.0553471
0.0564198
0.0572091
0.0575678
0.0573986
0.0566836
0.0554901
0.0539486
0.0522208
0.0504567
0.0487768
0.0472573
0.0459394
0.0448358
0.0439341
0.0432116
0.0426335
0.0421644
0.0417657
0.041398
0.0410307
0.04064
0.0402136
0.0397476
0.0392537
0.0387471
0.0382494
0.0377858
0.0373792
0.0370516
0.0368232
0.0367114
0.036733
0.0369053
0.037244
0.0377675
0.0384917
0.0394344
0.0406113
0.0420335
0.043707
0.0456293
0.0477905
0.0501682
0.0527272
0.0554082
0.0581087
0.0606617
0.062828
0.0643335
0.064955
0.0646286
0.0634894
0.0618215
0.0599479
0.058134
0.0565507
0.0552831
0.0543543
0.0537545
0.0534594
0.0534393
0.0536636
0.0540985
0.0547106
0.0554598
0.0563041
0.0571897
0.0580625
0.0588655
0.0595534
0.0600913
0.0604603
0.0606562
0.0606792
0.0605265
0.060189
0.0596501
0.0588864
0.0578732
0.0565957
0.0550628
0.053322
0.0514625
0.0496089
0.0479019
0.0464751
0.0454412
0.044874
0.0447953
0.0451486
0.0457898
0.046477
0.0469178
0.0468723
0.0462526
0.0451523
0.0437936
0.0424209
0.0412182
0.0402874
0.0396617
0.0393332
0.0392792
0.0394734
0.0398938
0.04053
0.0413733
0.0424206
0.043667
0.045101
0.046707
0.0484591
0.0503223
0.0522551
0.0542024
0.0560842
0.0577885
0.0591682
0.0600741
0.0604115
0.0601943
0.0595463
0.0586495
0.0576781
0.0567546
0.0559439
0.0552735
0.054756
0.0543898
0.0541729
0.0540943
0.054135
0.0542663
0.0544474
0.0546335
0.0547795
0.0548506
0.054824
0.0546925
0.054464
0.0541567
0.0537909
0.0533823
0.0529427
0.0524775
0.0519966
0.0515172
0.0510607
0.0506448
0.0502712
0.049913
0.0495077
0.0489724
0.0482207
0.0471991
0.0459072
0.0444011
0.0427752
0.0411416
0.0396001
0.0382285
0.0370744
0.0361632
0.0355003
0.0350838
0.0349026
0.0349433
0.0351938
0.0356391
0.0362657
0.0370514
0.0379761
0.039011
0.0401205
0.0412638
0.0423977
0.0434738
0.0444512
0.0452992
0.0459989
0.046544
0.0469484
0.0472355
0.047442
0.047609
0.0477831
0.0480066
0.048317
0.0487428
0.0493039
0.0500061
0.0508382
0.0517783
0.052787
0.0538172
0.0548113
0.0557066
0.0564367
0.0569335
0.0571393
0.0570168
0.0565696
0.0558501
0.0549566
0.0540123
0.0531365
0.0524227
0.0519213
0.051641
0.0515548
0.0516064
0.0517221
0.0518344
0.051891
0.0518727
0.0517955
0.0517043
0.0516522
0.0516757
0.0517785
0.051922
0.0520393
0.0520551
0.0519208
0.0516301
0.0512222
0.0507712
0.0503567
0.0500482
0.0498908
0.0499136
0.0501258
0.0505211
0.0510798
0.0517701
0.0525396
0.0533156
0.0540131
0.0545409
0.0548149
0.0547737
0.0543903
0.0536677
0.0526439
0.0513833
0.0499699
0.0485
0.0470739
0.0457817
0.0447014
0.0438876
0.0433693
0.0431377
0.0431463
0.043304
0.0434871
0.0435596
0.0434106
0.0429907
0.042327
0.0415059
0.0406425
0.039842
0.0391826
0.0387076
0.0384316
0.0383449
0.0384282
0.0386543
0.0389952
0.0394245
0.0399188
0.040458
0.0410313
0.0416349
0.0422687
0.0429407
0.0436595
0.0444351
0.0452774
0.0461883
0.0471641
0.0481921
0.049248
0.050295
0.0512862
0.0521691
0.0528921
0.0534153
0.0537193
0.0538066
0.0537036
0.0534492
0.0530916
0.0526809
0.0522645
0.0518807
0.0515634
0.0513361
0.0512106
0.0511954
0.0512851
0.0514695
0.0517266
0.0520212
0.0523148
0.0525625
0.0527277
0.0527822
0.0527138
0.0525228
0.0522158
0.0518039
0.0512969
0.0507113
0.0500691
0.0494026
0.0487498
0.0481483
0.0476294
0.0472099
0.046888
0.0466387
0.0464146
0.0461536
0.0457901
0.0452708
0.0445673
0.043689
0.0426746
0.0415821
0.0404773
0.0394189
0.0384503
0.0376019
0.0368909
0.0363263
0.0359125
0.0356532
0.0355499
0.0356081
0.0358335
0.0362289
0.036794
0.0375152
0.0383628
0.0392811
0.0401916
0.0409961
0.0415988
0.041935
0.0419876
0.0417955
0.0414404
0.041019
0.0406242
0.040322
0.0401543
0.0401395
0.0402767
0.0405593
0.040972
0.0415
0.0421316
0.0428565
0.0436682
0.0445591
0.0455243
0.0465474
0.0476065
0.0486576
0.0496448
0.0504989
0.0511518
0.0515558
0.0516975
0.051607
0.0513566
0.0510565
0.0508345
0.050832
0.051174
0.0519571
0.0531966
0.0547755
0.05639
0.0575866
0.057936
0.0572675
0.0557773
0.0538983
0.0520581
0.0505185
0.0493554
0.0485174
0.0478963
0.0473798
0.0468816
0.0463612
0.0458129
0.0452611
0.044744
0.0442973
0.0439487
0.0437147
0.0436012
0.043603
0.043709
0.043908
0.0441793
0.0445063
0.0448655
0.0452371
0.045598
0.0459289
0.0462083
0.0464215
0.0465593
0.0466209
0.0466118
0.0465459
0.0464428
0.0463216
0.0462001
0.0460921
0.04601
0.0459593
0.0459424
0.0459645
0.0460263
0.0461329
0.0462921
0.0465148
0.04681
0.0471946
0.0476814
0.0482848
0.0490147
0.0498765
0.05087
0.0519789
0.0531696
0.0543834
0.055534
0.0565111
0.0571987
0.0574993
0.0573645
0.0568051
0.0558887
0.054712
0.0533801
0.0519875
0.050608
0.0493022
0.0481178
0.0470915
0.0462538
0.0456218
0.0452067
0.0450059
0.045003
0.0451739
0.0454831
0.0458957
0.0463816
0.0469252
0.0475259
0.0481879
0.048906
0.0496455
0.0503233
0.050823
0.0510296
0.0508918
0.0504563
0.0498639
0.0493023
0.0489432
0.0489028
0.0492238
0.0498765
0.0507757
0.0517988
0.0528072
0.0536796
0.0543339
0.0547297
0.0548484
0.0546719
0.0541684
0.053313
0.0521189
0.0506628
0.0490713
0.0474871
0.0460307
0.0447768
0.0437595
0.0429774
0.0424092
0.0420275
0.0418014
0.041703
0.0417069
0.0417881
0.0419234
0.0420826
0.0422444
0.0423805
0.0424695
0.0424988
0.0424634
0.0423728
0.0422459
0.0421059
0.0419783
0.0418836
0.0418353
0.0418353
0.0418719
0.0419262
0.0419683
0.0419652
0.0418882
0.0417145
0.041432
0.0410447
0.0405692
0.0400281
0.0394506
0.0388614
0.0382834
0.0377331
0.0372229
0.0367575
0.0363412
0.0359694
0.0356394
0.0353448
0.0350795
0.0348351
0.0346073
0.0343906
0.0341792
0.0339712
0.0337665
0.0335658
0.0333721
0.0331877
0.0330185
0.0328701
0.0327447
0.0326504
0.0325901
0.0325671
0.032583
0.03264
0.0327392
0.0328801
0.0330615
0.0332852
0.033549
0.0338571
0.0342107
0.0346168
0.0350832
0.0356238
0.0362545
0.0369966
0.0378765
0.038923
0.0401695
0.0416496
0.0433951
0.0454339
0.0477821
0.0504445
0.0534083
0.0566434
0.0601003
0.0637149
0.0673962
0.0710103
0.074359
0.0771646
0.0791039
0.0799011
0.0794677
0.0779667
0.0757519
0.0732167
0.0706619
0.0682573
0.0660758
0.0641408
0.0624702
0.0610904
0.0600304
0.0593211
0.0589844
0.059029
0.0594412
0.0601558
0.0610274
0.0618255
0.0622685
0.0621247
0.0613174
0.0599586
0.0582818
0.0565283
0.0548705
0.053395
0.0521325
0.0510813
0.0502352
0.0495964
0.0491733
0.0489758
0.0490135
0.0492848
0.0497754
0.0504471
0.0512395
0.0520675
0.0528306
0.0534289
0.0537863
0.0538655
0.0536788
0.0532787
0.0527444
0.0521586
0.0515986
0.0511304
0.05081
0.050694
0.0508465
0.0513507
0.0523167
0.0538667
0.0560986
0.0589947
0.0622789
0.0653198
0.0672791
0.0675849
0.0663725
0.0643726
0.0623933
0.0609221
0.0600804
0.0597669
0.0598003
0.0600133
0.0602801
0.0605023
0.0605763
0.0603651
0.0597278
0.0585752
0.0569242
0.0549068
0.0527138
0.0505358
0.0485111
0.0467211
0.0451911
0.0439207
0.0428896
0.0420759
0.0414558
0.0410074
0.0407135
0.0405575
0.0405249
0.0406015
0.0407746
0.0410313
0.0413602
0.0417497
0.0421886
0.042662
0.0431523
0.0436378
0.0440911
0.044485
0.0447922
0.0449929
0.0450732
0.0450304
0.0448663
0.0445879
0.0442105
0.0437482
0.0432223
0.0426565
0.042076
0.0415045
0.0409643
0.0404723
0.0400424
0.0396817
0.0393953
0.039185
0.0390493
0.0389857
0.0389927
0.0390684
0.0392133
0.0394289
0.0397172
0.0400846
0.0405331
0.041072
0.0417044
0.0424346
0.0432604
0.0441758
0.045168
0.0462199
0.0473134
0.0484289
0.0495564
0.0507003
0.0518779
0.0531233
0.0544812
0.0560007
0.0577153
0.0596367
0.0617247
0.0638648
0.0658611
0.0674537
0.0683764
0.06846
0.0676994
0.06625
0.0643541
0.0622555
0.060146
0.0581581
0.0563821
0.0548754
0.0536689
0.0527634
0.0521213
0.0516665
0.0512864
0.0508605
0.0502944
0.049555
0.0486764
0.0477584
0.0469335
0.0463382
0.0460958
0.0463053
0.0470413
0.0483375
0.0501533
0.0523247
0.0545345
0.0563459
0.0573593
0.057406
0.0566347
0.0553924
0.0540317
0.0527722
0.0516832
0.050735
0.0498549
0.0489689
0.0480281
0.0470123
0.0459287
0.0448036
0.0436794
0.0426021
0.0416225
0.0407935
0.0401659
0.0397929
0.0397295
0.0400252
0.0407143
0.0417862
0.0431502
0.0446023
0.0458268
0.0464814
0.0463413
0.0454249
0.0439751
0.0423376
0.0408154
0.0395988
0.0387666
0.0383264
0.0382483
0.0384879
0.038997
0.0397268
0.0406256
0.0416377
0.0426985
0.043741
0.0446947
0.0454988
0.046106
0.046496
0.0466792
0.0466967
0.0466125
0.0465002
0.0464255
0.0464424
0.0465821
0.0468531
0.0472475
0.047745
0.0483133
0.0489181
0.0495197
0.0500749
0.0505356
0.0508482
0.0509529
0.050799
0.0503519
0.0496113
0.0486125
0.0474233
0.0461299
0.044818
0.0435614
0.0424152
0.0414208
0.0405974
0.0399552
0.039497
0.0392226
0.0391275
0.0392063
0.0394538
0.0398607
0.0404249
0.0411405
0.0420066
0.0430254
0.0442049
0.0455562
0.0470862
0.0487881
0.0506203
0.0524899
0.054244
0.0556907
0.0566524
0.0570326
0.0568606
0.05627
0.0554472
0.0545601
0.0537339
0.0530439
0.0525301
0.0522098
0.0520845
0.0521472
0.052379
0.0527531
0.0532384
0.0538013
0.0544111
0.0550477
0.0557034
0.0563851
0.0571067
0.0578871
0.0587436
0.0596861
0.0607109
0.0617991
0.0629151
0.0639943
0.0649493
0.0656707
0.0660402
0.0659641
0.0653959
0.0643591
0.0629437
0.0612885
0.0595473
0.0578584
0.0563245
0.0550145
0.053963
0.0531819
0.052665
0.0523966
0.0523517
0.0524935
0.052776
0.0531421
0.0535264
0.053859
0.0540714
0.054101
0.0539003
0.0534424
0.052733
0.0518094
0.0507417
0.0496135
0.0485141
0.0475191
0.0466852
0.0460436
0.045607
0.0453764
0.0453466
0.0455078
0.0458536
0.0463739
0.0470585
0.0478917
0.0488467
0.0498889
0.0509789
0.0520838
0.0531887
0.0542939
0.0554097
0.0565233
0.0575637
0.0583771
0.058751
0.0584791
0.0574737
0.0558147
0.0537265
0.0514831
0.0493206
0.0473863
0.0457505
0.0444207
0.0433725
0.0425658
0.0419553
0.0414981
0.041152
0.0408858
0.0406729
0.0404951
0.0403469
0.0402268
0.0401436
0.0401106
0.0401436
0.040259
0.0404746
0.0408049
0.0412631
0.0418592
0.0425943
0.04347
0.0444748
0.0455924
0.0467948
0.0480486
0.0493104
0.0505334
0.0516689
0.0526729
0.0535074
0.0541444
0.0545608
0.0547428
0.0546824
0.0543855
0.0538718
0.0531748
0.0523469
0.0514508
0.050552
0.0497097
0.0489765
0.0483857
0.0479612
0.0477103
0.0476329
0.0477224
0.0479637
0.048342
0.0488377
0.049433
0.0501108
0.0508548
0.0516516
0.0524916
0.0533635
0.0542529
0.0551372
0.0559795
0.0567286
0.0573248
0.0577156
0.0578663
0.0577786
0.0574839
0.057035
0.0564825
0.0558526
0.0551386
0.0543064
0.0533102
0.0521269
0.0507684
0.0492923
0.0477825
0.0463308
0.0450173
0.0438976
0.0430018
0.042344
0.0419198
0.0417175
0.0417182
0.041898
0.0422297
0.0426832
0.0432246
0.0438187
0.0444241
0.0450015
0.0455086
0.045903
0.0461486
0.046217
0.0461006
0.0458089
0.0453737
0.0448439
0.0442751
0.0437213
0.0432247
0.0428192
0.0425255
0.0423541
0.042307
0.0423804
0.0425695
0.0428612
0.043243
0.0436979
0.0442062
0.0447411
0.0452752
0.0457771
0.0462156
0.0465643
0.0468047
0.0469322
0.0469567
0.0468993
0.0467951
0.046686
0.0466167
0.0466325
0.0467671
0.0470414
0.0474558
0.0479833
0.0485735
0.0491508
0.0496311
0.0499372
0.0500095
0.0498183
0.0493616
0.0486621
0.0477595
0.0467091
0.0455791
0.0444387
0.0433557
0.0423893
0.0415841
0.0409746
0.0405887
0.0404458
0.0405593
0.0409353
0.0415626
0.0423987
0.0433634
0.044327
0.0451386
0.0456557
0.0458055
0.0456143
0.0451966
0.0447137
0.044322
0.0441357
0.0442214
0.0446007
0.0452708
0.0462146
0.0474007
0.0487876
0.0503102
0.0518639
0.0533067
0.0544788
0.0552424
0.055524
0.0553353
0.0547577
0.053896
0.0528441
0.0516698
0.0504232
0.0491427
0.0478706
0.0466531
0.0455434
0.0445874
0.0438273
0.0432908
0.0429992
0.042962
0.0431778
0.0436416
0.0443377
0.0452439
0.0463339
0.0475735
0.0489258
0.0503517
0.0518084
0.0532568
0.0546577
0.0559803
0.0571926
0.0582677
0.0591799
0.0599021
0.0604106
0.0606882
0.0607254
0.0605238
0.0600973
0.0594723
0.0586833
0.0577691
0.0567676
0.0557127
0.0546328
0.0535465
0.0524666
0.0514042
0.050362
0.0493468
0.0483657
0.0474274
0.046543
0.0457243
0.0449811
0.0443278
0.043771
0.0433186
0.0429785
0.0427509
0.0426378
0.0426369
0.042746
0.0429623
0.043279
0.0436887
0.0441809
0.0447403
0.0453471
0.0459773
0.0465959
0.0471666
0.0476544
0.0480296
0.0482745
0.0483912
0.0483971
0.0483257
0.0482123
0.048089
0.0479798
0.0478944
0.0478339
0.0477907
0.0477596
0.0477345
0.0477182
0.0477174
0.0477414
0.0477963
0.0478852
0.0480044
0.0481453
0.0482941
0.0484429
0.0485911
0.0487535
0.0489631
0.0492715
0.0497462
0.0504629
0.0515164
0.0530076
0.0550448
0.0577278
0.0611125
0.0651564
0.0696548
0.0742009
0.0782614
0.0813229
0.0830536
0.0833419
0.0822331
0.0798797
0.0765142
0.0724269
0.0679222
0.0632772
0.0587211
0.0544258
0.0505081
0.047037
0.044038
0.0415103
0.0394274
0.0377594
0.0364752
0.0355458
0.0349512
