111.6
86.2
116.4
84.2
93.6
93.6
103.2
97.8
74.8
90.2
93.8
126.8
101.4
119.2
75.6
108.6
105.8
116.6
97.8
89.6
142.4
90.8
106
128.2
115.4
106.4
101.6
104.2
86.8
91.6
99.6
109.8
89.2
82.2
86.8
115.4
84.8
125.2
73.2
106
102.8
116.4
91.8
89.6
87.4
73.4
99.8
120.2
116.2
99.4
107.4
101
97.4
103.8
121.4
116.6
107.4
98.6
96.2
107.4
89
114.2
97
90.2
99.6
120
115.4
100.2
92
95
80.6
84.8
103.4
95.4
86
104.2
86.4
108.4
98.8
105.6
95.6
93.8
72.4
106.2
81.6
76.8
85.8
82.2
105.8
83.2
101.6
98
101.8
86.2
109.2
73.4
117.8
114.6
115.2
96.2
