-0.310975   0.305009   0.0784633
0.186064   -0.0948042   0.245996
-0.00161796   0.441075   0.282648
-0.410953   -0.224109   0.344959
-0.0979726   -0.0900132   -0.331982
-0.45698   -0.207394   -0.0653991
-0.474323   -0.103006   0.458419
-0.34939   -0.384593   -0.133182
0.483783   0.252679   0.324505
0.206024   -0.292989   0.155722
-0.240683   0.0602402   -0.379457
-0.338249   -0.489979   0.0385478
0.11729   -0.334434   -0.0237567
0.393557   0.422348   0.396029
0.285815   -0.172619   -0.00856379
0.367573   0.233046   -0.217395
-0.15841   0.379316   0.425291
0.351304   -0.384907   -0.0778331
-0.47496   0.451059   0.205706
-0.402569   0.25335   -0.170893
-0.151901   0.464153   -0.313055
0.238003   -0.445239   0.432654
0.387583   0.0192823   -0.172138
0.414115   -0.447923   -0.416807
-0.275455   0.269921   -0.448616
0.297946   0.371655   -0.359928
-0.2744   -0.188394   -0.179877
-0.409869   -0.0263039   0.0808411
-0.239402   -0.412557   0.429263
-0.163872   0.333595   -0.0780125
0.473632   0.460783   0.000147344
-0.252836   -0.14518   0.489045
-0.494928   -0.316716   -0.262915
0.149304   -0.291536   0.343705
0.00714184   -0.174819   0.094117
0.289992   0.0164   0.0437657
-0.384596   -0.461133   -0.415189
0.334095   0.35287   0.152841
0.244059   0.172243   0.192397
0.0561644   0.305503   -0.121877
-0.22875   -0.336061   -0.362404
0.0495879   0.150323   0.223182
0.4366   0.184088   -0.0282309
-0.463439   0.160668   -0.362477
0.25408   0.0750121   0.406895
0.0146968   0.494008   -0.079116
-0.315015   -0.186267   0.148448
-0.0745748   -0.310803   -0.169133
0.00643858   -0.0216414   0.346381
-0.266473   0.215155   0.359736
-0.223819   0.272227   -0.262752
-0.0143485   -0.371617   -0.346693
0.180705   -0.420771   -0.386706
-0.355673   0.0727765   0.46894
-0.0460261   0.163868   -0.190833
-0.135034   0.0630773   0.448849
0.291775   0.102666   -0.363526
-0.137675   -0.366859   0.258228
0.403687   -0.169469   -0.196059
-0.0116807   0.244137   0.4052
0.112548   0.409797   -0.49962
0.0196439   -0.410721   0.125923
0.190292   -0.119724   -0.495326
0.343358   -0.0954258   0.39073
0.0190093   -0.413116   0.453604
0.398726   -0.211814   0.226035
-0.126955   0.0661099   0.234842
-0.0664647   0.193294   -0.394904
-0.377713   0.419038   0.395459
-0.248856   0.134129   -0.0251278
0.0779781   0.447624   -0.282662
0.333203   -0.419739   0.237544
0.0786029   0.0828947   -0.48254
-0.260893   0.468906   0.258039
-0.373514   -0.373642   0.206538
-0.144338   0.451122   0.0823954
-0.499491   0.375032   -0.426607
-0.176737   -0.0594657   0.0440618
-0.434981   0.177322   0.132935
-0.110778   0.281727   0.213358
-0.49881   -0.412257   0.355024
0.240809   0.249216   0.0019469
-0.159759   -0.131882   0.303142
0.176858   0.045411   -0.129996
0.210169   0.455035   -0.086616
0.222423   -0.493902   0.0915805
0.140091   0.258828   -0.307336
0.213946   0.244325   0.496883
-0.0178393   -0.197738   0.429662
-0.21803   0.00614947   -0.182867
-0.467807   -0.291896   -0.46548
0.434388   0.107835   0.460825
0.381638   -0.0890381   -0.388539
-0.0358995   0.136023   0.045056
0.486687   -0.339547   0.0784324
-0.343017   -0.0390816   0.282339
-0.0298764   -0.105501   -0.145
0.406134   0.442264   -0.204123
0.345579   -0.286467   0.483763
0.0619855   0.380228   0.0915505
-0.405783   -0.0249171   -0.142121
-0.349016   0.447549   -0.238434
0.191482   0.377563   0.284241
-0.409838   -0.135331   -0.341231
0.243197   -0.29884   -0.204949
-0.182654   -0.325045   0.0247974
0.458141   -0.00114113   0.245548
0.103512   -0.125128   -0.315407
