-0.310883   0.304984   0.0785714
0.185958   -0.0947326   0.245991
-0.0016931   0.44117   0.28264
-0.410876   -0.224252   0.344803
-0.0980825   -0.0899608   -0.331951
-0.456901   -0.207388   -0.0653735
-0.474315   -0.10315   0.45845
-0.349419   -0.384699   -0.133196
0.483864   0.252569   0.324655
0.206067   -0.292859   0.15562
-0.240628   0.0601159   -0.379477
-0.33821   -0.489949   0.0384371
0.117216   -0.334178   -0.0240275
0.393509   0.422485   0.396051
0.285773   -0.172582   -0.00866037
0.367589   0.232966   -0.2175
-0.158296   0.379369   0.425194
0.351481   -0.384848   -0.077619
-0.474901   0.451026   0.205743
-0.402611   0.253507   -0.170792
-0.151675   0.464129   -0.313014
0.23801   -0.445402   0.432658
0.387554   0.019033   -0.172172
0.414042   -0.447976   -0.416805
-0.275407   0.269983   -0.448654
0.298039   0.371611   -0.360119
-0.274352   -0.188368   -0.179943
-0.409781   -0.0263932   0.0808642
-0.23917   -0.412628   0.429264
-0.16394   0.333872   -0.0778888
0.473635   0.460759   7.48045e-06
-0.25282   -0.145256   0.489041
-0.495095   -0.316679   -0.262894
0.149282   -0.291583   0.34373
0.0070586   -0.17472   0.0943315
0.290071   0.0164063   0.0439931
-0.384528   -0.46137   -0.415064
0.334098   0.352781   0.152958
0.244039   0.172269   0.192529
0.0560813   0.305553   -0.121954
-0.228804   -0.336104   -0.362449
0.0496601   0.150513   0.223183
0.436546   0.184249   -0.0282283
-0.463279   0.16058   -0.362334
0.254011   0.075009   0.406797
0.0149806   0.493935   -0.0789926
-0.315095   -0.186408   0.148329
-0.0745839   -0.311018   -0.169091
0.00618712   -0.0218142   0.346197
-0.266617   0.215081   0.359707
-0.223867   0.272329   -0.262781
-0.0143616   -0.37163   -0.346622
0.180578   -0.420626   -0.38655
-0.355714   0.0726683   0.46896
-0.0460702   0.163692   -0.190872
-0.134977   0.0629813   0.449072
0.291767   0.10276   -0.363456
-0.137814   -0.366798   0.258069
0.403575   -0.169475   -0.196086
-0.0116994   0.244182   0.405076
0.112533   0.40989   -0.499543
0.0196265   -0.410549   0.125877
0.190311   -0.119695   -0.495384
0.343328   -0.0953747   0.390663
0.0191231   -0.413131   0.453603
0.398751   -0.211845   0.226059
-0.126953   0.0660546   0.234827
-0.0665353   0.193402   -0.394955
-0.37776   0.419106   0.395496
-0.248637   0.134183   -0.0252235
0.0779049   0.447506   -0.282563
0.333331   -0.419547   0.237473
0.0786966   0.0829324   -0.482548
-0.260677   0.468883   0.257877
-0.37348   -0.373681   0.206542
-0.144273   0.451292   0.0823385
-0.499531   0.37513   -0.426582
-0.176568   -0.0595422   0.0441914
-0.434873   0.177321   0.132896
-0.110794   0.281549   0.213529
-0.498726   -0.412335   0.355028
0.240708   0.249317   0.00187488
-0.159752   -0.131765   0.30314
0.176884   0.0454286   -0.129903
0.210243   0.455195   -0.0866044
0.222379   -0.493939   0.091577
0.140169   0.2588   -0.307414
0.213843   0.244571   0.497012
-0.0179198   -0.197741   0.429723
-0.218096   0.00619745   -0.18301
-0.467896   -0.292074   -0.465572
0.434211   0.107774   0.46068
0.381487   -0.0891876   -0.388409
-0.0359384   0.13622   0.0450915
0.486812   -0.339585   0.0785446
-0.343137   -0.0389979   0.282182
-0.0299126   -0.105341   -0.145093
0.406022   0.442321   -0.204048
0.345469   -0.286376   0.483797
0.0619617   0.38018   0.0916445
-0.405719   -0.0250021   -0.141998
-0.349127   0.447341   -0.238633
0.191376   0.37745   0.284259
-0.409679   -0.135393   -0.341277
0.243103   -0.298809   -0.204979
-0.182627   -0.325041   0.0247172
0.458156   -0.00122231   0.245658
0.103507   -0.125129   -0.315423
