-4.70397
-4.70417
-4.70413
-4.70445
-4.70486
-4.7049
-4.70468
-4.70494
-4.7052
-4.70527
-4.70592
-4.70655
-4.70735
-4.70726
-4.70767
-4.70703
-4.70759
-4.70704
-4.70673
-4.70693
-4.70733
-4.70794
-4.7074
-4.70708
-4.70654
-4.70657
-4.70675
-4.70637
-4.7059
-4.70611
-4.70626
-4.70605
-4.70666
-4.70658
-4.70671
-4.70642
-4.70572
-4.70552
-4.70583
-4.70695
-4.70797
-4.70809
-4.70832
-4.70874
-4.70813
-4.70797
-4.70874
-4.70865
-4.70759
-4.70724
-4.70613
-4.70608
-4.70561
-4.70654
-4.70632
-4.70586
-4.70561
-4.70555
-4.70583
-4.70552
-4.7051
-4.7055
-4.70507
-4.70534
-4.70539
-4.70578
-4.70613
-4.70594
-4.70562
-4.70623
-4.70536
-4.70531
-4.70535
-4.70445
-4.70384
-4.70354
-4.70312
-4.70292
-4.70235
-4.70175
-4.70281
-4.70266
-4.70355
-4.70452
-4.70458
-4.70532
-4.70592
-4.70545
-4.70389
-4.70445
-4.70384
-4.70378
-4.70308
-4.70315
-4.70373
-4.70348
-4.70332
-4.70265
-4.70284
-4.70236
-4.7024
-4.70187
-4.70241
-4.70235
-4.70255
-4.70271
-4.70311
-4.70376
-4.70418
-4.70394
-4.70348
-4.70297
-4.70273
-4.70204
-4.70212
-4.70225
-4.70154
-4.70185
-4.70165
-4.70138
-4.70116
-4.70138
-4.70201
-4.70152
-4.70158
-4.70173
-4.7011
-4.70167
-4.70148
-4.70099
-4.70066
-4.70018
-4.7006
-4.70071
-4.70066
-4.70089
-4.7005
-4.70086
-4.70169
-4.70195
-4.70197
-4.70179
-4.70154
-4.70106
-4.7015
-4.70161
-4.70183
-4.70227
-4.70203
-4.70232
-4.70222
-4.70251
-4.70258
-4.70246
-4.70201
-4.70126
-4.70114
-4.7003
-4.70027
-4.70045
-4.7001
-4.7004
-4.70107
-4.70072
-4.70087
-4.70073
-4.70103
-4.70163
-4.70128
-4.70075
-4.70064
-4.70128
-4.70145
-4.70209
-4.70245
-4.70312
-4.70229
-4.70235
-4.70254
-4.70314
-4.70308
-4.70373
-4.70374
-4.70238
-4.7024
-4.70337
-4.70275
-4.70296
-4.70383
-4.70502
-4.70513
-4.70458
-4.70351
-4.70344
-4.7029
-4.70194
-4.70178
-4.70304
-4.70267
-4.70292
-4.703
-4.70286
-4.7034
-4.70421
-4.70454
-4.70461
-4.70354
-4.70356
-4.70359
-4.70404
-4.70397
-4.70357
-4.70393
-4.70434
-4.70405
-4.70457
-4.70481
-4.70475
-4.70439
-4.7045
-4.70326
-4.7034
-4.70309
-4.70397
-4.70419
-4.70403
-4.70411
-4.70459
-4.70398
-4.70381
-4.7044
-4.70377
-4.70314
-4.70328
-4.70329
-4.70305
-4.70229
-4.70236
-4.70281
-4.70209
-4.70258
-4.70307
-4.70262
-4.70293
-4.70292
-4.70262
-4.70319
-4.70358
-4.70362
-4.70361
-4.70326
-4.7032
-4.70266
-4.70346
-4.70301
-4.70236
-4.70273
-4.70291
-4.70263
-4.70266
-4.70212
-4.7012
-4.70037
-4.69983
-4.70017
-4.70064
-4.70105
-4.70119
-4.70084
-4.70209
-4.7025
-4.70251
-4.7029
-4.70243
-4.70339
-4.70305
-4.70355
-4.70327
-4.70254
-4.70169
-4.70253
-4.70313
-4.70258
-4.70284
-4.70316
-4.70248
-4.70229
-4.70153
-4.70245
-4.70291
-4.70307
-4.70277
-4.70278
-4.70322
-4.7042
-4.70375
-4.70428
-4.70429
-4.7041
-4.70375
-4.70417
-4.70402
-4.70452
-4.70477
-4.70551
-4.70491
-4.7046
-4.70427
-4.70468
-4.70449
-4.70492
-4.70491
-4.70599
-4.70603
-4.7055
-4.70575
-4.70542
-4.70525
-4.70551
-4.70604
-4.70532
-4.70578
-4.70623
-4.7053
-4.70543
-4.70586
-4.70538
-4.70595
-4.70622
-4.70665
-4.70634
-4.70591
-4.70597
-4.70574
-4.70538
-4.70441
-4.70447
-4.70448
-4.70384
-4.70375
-4.70256
-4.70284
-4.70218
-4.70257
-4.70206
-4.70114
-4.70118
-4.70132
-4.70049
-4.70082
-4.70001
-4.7009
-4.70195
-4.70206
-4.70152
-4.70122
-4.70208
-4.70213
-4.70199
-4.70166
-4.70144
-4.70179
-4.70151
-4.70226
-4.70224
-4.70237
-4.70356
-4.70401
-4.70449
-4.70348
-4.70355
-4.70392
-4.70401
-4.7038
-4.70345
-4.70373
-4.70391
-4.70427
-4.70468
-4.70452
-4.70498
-4.70557
-4.70552
-4.70498
-4.70486
-4.70471
-4.70424
-4.70377
-4.70377
-4.70379
-4.7046
-4.70467
-4.7046
-4.705
-4.70449
-4.7041
-4.70458
-4.70427
-4.70406
-4.70442
-4.70384
-4.7028
-4.7022
-4.70161
-4.70147
-4.70134
-4.70106
-4.70048
-4.70035
-4.70098
-4.70222
-4.70167
-4.7019
-4.70158
-4.70164
-4.70118
-4.7017
-4.70197
-4.70209
-4.70171
-4.70247
-4.70166
-4.70232
-4.70192
-4.70154
-4.70193
-4.70265
-4.70292
-4.70291
-4.70306
-4.70351
-4.70348
-4.70356
-4.70402
-4.70457
-4.70536
-4.70507
-4.7058
-4.70591
-4.70507
-4.70389
-4.70314
-4.70238
-4.70228
-4.70104
-4.70142
-4.70115
-4.70171
-4.70308
-4.7025
-4.70253
-4.70223
-4.70325
-4.70424
-4.70428
-4.70446
-4.70476
-4.7049
-4.70471
-4.70449
-4.70452
-4.7042
-4.70369
-4.70257
-4.70223
-4.70274
-4.70352
-4.70354
-4.70414
-4.70405
-4.7041
-4.70319
-4.70277
-4.70287
-4.70227
-4.70313
-4.70349
-4.70276
-4.70352
-4.70351
-4.70288
-4.70211
-4.70256
-4.7014
-4.70104
-4.70166
-4.70187
-4.70226
-4.70218
-4.70178
-4.70179
-4.70267
-4.70249
-4.70264
-4.70284
-4.70266
-4.70284
-4.70246
-4.70268
-4.70421
-4.70399
-4.70364
-4.70363
-4.70441
-4.70439
-4.70405
-4.70437
-4.70494
-4.7047
-4.70548
-4.70619
-4.7074
-4.70727
-4.70762
-4.70754
-4.70776
-4.70782
-4.70738
-4.70748
-4.70781
-4.7073
-4.70764
-4.70766
-4.70769
-4.70865
-4.70769
-4.70767
-4.70798
-4.70754
-4.70803
-4.70792
-4.7075
-4.70693
-4.7074
-4.70784
-4.70672
-4.70616
-4.70525
-4.70475
-4.70362
-4.70354
-4.70332
-4.70404
-4.70391
-4.70263
-4.70203
-4.70134
-4.70089
-4.70126
-4.70139
-4.70199
-4.70242
-4.70342
-4.70343
-4.70412
-4.70411
-4.70464
-4.70465
-4.70416
-4.70334
-4.70235
-4.70182
-4.70193
-4.70134
-4.70098
-4.70042
-4.70054
-4.70149
-4.70048
-4.69928
-4.69906
-4.69879
-4.69967
-4.69979
-4.69946
-4.69933
-4.6985
-4.69893
-4.69925
-4.69883
-4.69856
-4.69888
-4.69947
-4.69969
-4.69921
-4.69909
-4.69842
-4.69814
-4.69738
-4.69694
-4.6955
-4.69593
-4.69555
-4.69554
-4.69606
-4.69633
-4.69757
-4.69793
-4.69772
-4.69872
-4.69835
-4.69884
-4.69898
-4.6992
-4.69965
-4.70019
-4.70006
-4.69988
-4.69952
-4.69931
-4.69958
-4.69927
-4.69963
-4.70034
-4.69973
-4.69988
-4.69987
-4.69909
-4.69872
-4.69896
-4.69936
-4.69829
-4.69805
-4.69819
-4.69962
-4.69959
-4.70065
-4.70019
-4.70074
-4.70121
-4.70097
-4.70046
-4.7006
-4.70034
-4.69986
-4.69963
-4.69955
-4.69947
-4.69987
-4.69805
-4.69825
-4.69807
-4.69844
-4.69863
-4.6985
-4.69926
-4.70028
-4.70095
-4.70182
-4.70287
-4.70281
-4.70308
-4.70348
-4.70398
-4.70371
-4.70224
-4.7025
-4.70242
-4.70279
-4.7026
-4.70384
-4.70364
-4.70337
-4.70288
-4.70229
-4.70191
-4.70219
-4.70221
-4.70228
-4.70298
-4.70354
-4.70453
-4.70442
-4.70439
-4.70444
-4.705
-4.70442
-4.70618
-4.70607
-4.70486
-4.70455
-4.70427
-4.70361
-4.70348
-4.70422
-4.70461
-4.70433
-4.70467
-4.70423
-4.70404
-4.7044
-4.70441
-4.7038
-4.7032
-4.70229
-4.7023
-4.70229
-4.7027
-4.70201
-4.70204
-4.7016
-4.70087
-4.70019
-4.69973
-4.70025
-4.7007
-4.70121
-4.70071
-4.70159
-4.70138
-4.70217
-4.70228
-4.70246
-4.70302
-4.70274
-4.70239
-4.70183
-4.70107
-4.70104
-4.69979
-4.69947
-4.69906
-4.69934
-4.69927
-4.69961
-4.69975
-4.69966
-4.70007
-4.69987
-4.70009
-4.70025
-4.70018
-4.69958
-4.69907
-4.69931
-4.69835
-4.69879
-4.69928
-4.69889
-4.69788
-4.69835
-4.69805
-4.69818
-4.6989
-4.69885
-4.6979
-4.69831
-4.69875
-4.69892
-4.69868
-4.69938
-4.69995
-4.70053
-4.70081
-4.70154
-4.70165
-4.70205
-4.70121
-4.70122
-4.70132
-4.70074
-4.70054
-4.69969
-4.69942
-4.69981
-4.69908
-4.69895
-4.69956
-4.70042
-4.70042
-4.7004
-4.70093
-4.70093
-4.70131
-4.70115
-4.70076
-4.7
-4.69947
-4.69918
-4.69931
-4.69927
-4.69909
-4.69955
-4.6987
-4.69868
-4.69859
-4.6989
-4.69824
-4.69735
-4.69758
-4.69798
-4.69808
-4.6983
-4.69834
-4.69804
-4.69816
-4.69825
-4.69863
-4.69918
-4.69914
-4.69973
-4.70033
-4.7006
-4.70143
-4.70145
-4.70187
-4.70241
-4.70231
-4.70205
-4.70181
-4.70143
-4.70169
-4.70196
-4.70209
-4.70236
-4.70231
-4.7018
-4.70204
-4.70183
-4.70271
-4.70211
-4.70122
-4.70139
-4.70124
-4.70179
-4.70154
-4.70095
-4.70125
-4.70112
-4.70073
-4.70041
-4.7003
-4.69981
-4.70042
-4.7
-4.69972
-4.69944
-4.69958
-4.69953
-4.7002
-4.70038
-4.70038
-4.70096
-4.70016
-4.7001
-4.70079
-4.70104
-4.70143
-4.70137
-4.70191
-4.70152
-4.70066
-4.70006
-4.69973
-4.69925
-4.69877
-4.69848
-4.69794
-4.69823
-4.69843
-4.699
-4.69899
-4.70005
-4.70049
-4.70043
-4.6994
-4.70012
-4.70005
-4.70072
-4.70038
-4.70073
-4.70119
-4.70174
-4.70214
-4.70216
-4.7034
-4.70313
-4.70262
-4.70177
-4.70171
-4.70129
-4.7015
-4.70159
-4.70062
-4.70152
-4.70207
-4.70248
-4.70228
-4.70181
-4.70125
-4.70111
-4.70048
-4.69998
-4.70067
-4.70012
-4.69971
-4.69777
-4.6969
-4.69712
-4.69603
-4.69576
-4.69632
-4.69712
-4.69737
-4.69736
-4.69798
-4.69801
-4.69803
-4.69833
-4.69832
-4.6995
-4.70022
-4.69941
-4.70011
-4.69943
-4.70025
-4.70072
-4.70099
-4.70088
-4.70054
-4.70044
-4.70045
-4.70045
-4.70018
-4.69848
-4.69838
-4.69855
-4.69839
-4.69818
-4.69804
-4.69825
-4.698
-4.6983
-4.69853
-4.69806
-4.69825
-4.6982
-4.69779
-4.69689
-4.69687
-4.69731
-4.69699
-4.69715
-4.69522
-4.69483
-4.69492
-4.69535
-4.69567
-4.69636
-4.6962
-4.69609
-4.69692
-4.69715
-4.6981
-4.69899
-4.6995
-4.69935
-4.69944
-4.69888
-4.69844
-4.69905
-4.69874
-4.69857
-4.69842
-4.69858
-4.69862
-4.69915
-4.70047
-4.70059
-4.70042
-4.70024
-4.69871
-4.69928
-4.6988
-4.69862
-4.69947
-4.69895
-4.69947
-4.69985
-4.69981
-4.69909
-4.6989
-4.69863
-4.69946
-4.69983
-4.70032
-4.69967
-4.69955
-4.69964
-4.69909
-4.70003
-4.69978
-4.70092
-4.7009
-4.70135
-4.70136
-4.70135
-4.70115
-4.70093
-4.70069
-4.69957
-4.70019
-4.70002
-4.70041
-4.701
-4.70158
-4.70207
-4.70246
-4.70245
-4.70344
-4.70229
-4.70266
-4.70243
-4.70356
-4.70271
-4.70214
-4.70261
-4.7026
-4.70272
-4.70194
-4.70164
-4.70154
-4.70091
-4.70112
-4.70174
-4.70122
-4.70223
-4.70184
-4.70138
-4.70097
-4.70123
-4.70157
-4.70172
-4.70276
-4.70304
-4.70304
-4.70275
-4.70235
-4.70305
-4.70242
-4.70273
-4.7032
-4.70309
-4.70344
-4.70321
-4.703
-4.70267
-4.70298
-4.70314
-4.70362
-4.70424
-4.70455
-4.70503
-4.70504
-4.70549
-4.70511
-4.7048
-4.70392
-4.7031
-4.70282
-4.70221
-4.70159
-4.70117
-4.70066
-4.70009
-4.69977
-4.70061
-4.70063
-4.7007
-4.70109
-4.70102
-4.70044
-4.70056
-4.70104
-4.7013
-4.70106
-4.70063
-4.69961
-4.69981
-4.69961
-4.699
-4.69918
-4.69953
-4.69973
-4.7008
-4.70139
-4.70164
-4.70234
-4.70351
-4.70365
-4.70337
-4.70311
-4.703
-4.70321
-4.70281
-4.70301
-4.70302
-4.70239
-4.70203
-4.70181
-4.70191
-4.70157
-4.7017
-4.70244
-4.70241
-4.70266
-4.7029
-4.70239
-4.7022
-4.70292
-4.70351
-4.70473
-4.70447
-4.7032
-4.70243
-4.70199
-4.70216
-4.70199
-4.70279
-4.7026
-4.70292
-4.70346
-4.70381
-4.70446
-4.70436
-4.70386
-4.70373
-4.70368
-4.70389
-4.70344
-4.70323
-4.70322
-4.70322
-4.70364
-4.70416
-4.70446
-4.70532
-4.70479
-4.70455
-4.70427
-4.70425
-4.70446
-4.70352
-4.70235
-4.70157
-4.70063
-4.70095
-4.70044
-4.70015
-4.69947
-4.69911
-4.69937
-4.70026
-4.70014
-4.70083
-4.70097
-4.70132
-4.70186
-4.70242
-4.703
-4.70296
-4.70348
-4.70394
-4.70417
-4.70538
-4.70593
-4.70632
-4.70626
-4.70668
-4.70745
-4.70704
-4.70697
-4.7075
-4.70682
-4.70702
-4.70658
-4.70639
-4.70676
-4.70633
-4.70648
-4.7063
-4.70643
-4.7055
-4.70521
-4.70556
-4.70612
-4.70538
-4.70514
-4.70525
-4.70478
-4.70493
-4.70506
-4.70548
-4.70558
-4.70582
-4.70603
-4.70651
-4.70649
-4.70686
-4.70717
-4.70682
-4.70598
-4.70557
-4.70486
-4.70432
-4.70335
-4.70454
-4.70367
-4.70348
-4.70371
-4.70407
-4.7041
-4.70466
-4.70474
-4.70515
-4.70584
-4.7056
-4.70601
-4.70533
-4.70622
-4.7057
-4.70559
-4.70556
-4.70494
-4.70523
-4.70517
-4.70479
-4.70529
-4.7046
-4.70394
-4.70389
-4.70354
-4.70331
-4.70285
-4.7023
-4.70197
-4.70186
-4.7008
-4.70033
-4.70035
-4.6995
-4.69947
-4.69953
-4.70011
-4.70092
-4.70074
-4.7015
-4.70169
-4.70267
-4.70203
-4.70249
-4.70236
-4.70268
-4.70202
-4.70082
-4.70055
-4.70032
-4.70074
-4.69972
-4.69925
-4.69863
-4.69776
-4.69743
-4.69722
-4.69682
-4.69739
-4.69753
-4.69796
-4.69864
-4.69852
-4.69881
-4.70043
-4.701
-4.70158
-4.70145
-4.70179
-4.70169
-4.70203
-4.70189
-4.70309
-4.70351
-4.70422
-4.70431
-4.70378
-4.70324
-4.703
-4.70291
-4.70283
-4.70202
-4.7023
-4.70247
-4.70283
-4.70278
-4.70229
-4.70226
-4.70174
-4.70191
-4.70187
-4.70237
-4.70209
-4.7021
-4.70243
-4.70157
-4.7012
-4.70146
-4.70219
-4.70265
-4.70254
-4.70202
-4.70262
-4.70269
-4.70268
-4.70332
-4.70398
-4.70444
-4.70512
-4.70385
-4.70323
-4.70404
-4.70391
-4.70331
-4.70349
-4.70338
-4.70404
-4.7032
-4.70326
-4.70316
-4.70261
-4.70176
-4.70121
-4.70142
-4.70056
-4.69998
-4.69967
-4.69933
-4.69895
-4.69856
-4.69851
-4.69749
-4.69704
-4.69719
-4.6976
-4.69777
-4.69854
-4.69879
-4.69911
-4.69874
-4.69981
-4.69993
-4.70004
-4.70002
-4.70062
-4.70108
-4.70198
-4.70209
-4.70216
-4.70191
-4.70059
-4.70019
-4.70106
-4.70094
-4.70149
-4.7015
-4.70245
-4.70251
-4.70333
-4.70355
-4.70344
-4.70347
-4.70316
-4.70354
-4.70384
-4.70392
-4.70454
-4.70452
-4.70419
-4.70403
-4.70406
-4.70383
-4.70453
-4.70435
-4.70356
-4.70335
-4.70328
-4.70273
-4.70291
-4.7029
-4.703
-4.70322
-4.70388
-4.70348
-4.70417
-4.70369
-4.7036
-4.70344
-4.70368
-4.70265
-4.70229
-4.70212
-4.70318
-4.70363
-4.70438
-4.70411
-4.7037
-4.70422
-4.7038
-4.7045
-4.70478
-4.70444
-4.70408
-4.70373
-4.70388
-4.70399
-4.70336
-4.70327
-4.70269
-4.70286
-4.70316
-4.70342
-4.70421
-4.70459
-4.70513
-4.70491
-4.70454
-4.70445
-4.70417
-4.70384
-4.7048
-4.70403
-4.70381
-4.70371
-4.7033
-4.70367
-4.7039
-4.70402
-4.70355
-4.70325
-4.70297
-4.70316
-4.70396
-4.70445
-4.70474
-4.70424
-4.70427
-4.7038
-4.70299
-4.70157
-4.70182
-4.70273
-4.70203
-4.70169
-4.70231
-4.70281
-4.70378
-4.70445
-4.70407
-4.7043
-4.705
-4.70526
-4.70478
-4.70535
-4.70545
-4.70565
-4.7052
-4.70484
-4.70459
-4.70385
-4.70401
-4.70432
-4.70389
-4.70275
-4.70226
-4.7026
-4.7033
-4.70389
-4.7048
-4.7045
-4.70492
-4.70455
-4.70474
-4.70413
-4.7047
-4.7048
-4.70506
-4.70506
-4.70512
-4.7054
-4.70632
-4.7065
-4.70712
-4.70813
-4.70785
-4.7072
-4.70619
-4.70577
-4.70568
-4.70486
-4.70527
-4.70612
-4.70528
-4.70531
-4.70519
-4.70481
-4.70404
-4.70408
-4.70491
-4.7044
-4.70494
-4.7059
-4.70502
-4.7055
-4.70614
-4.70516
-4.70556
-4.70491
-4.70513
-4.70496
-4.70484
-4.70417
-4.70418
-4.70386
-4.7031
-4.70299
-4.7022
-4.70195
-4.70151
-4.70136
-4.70106
-4.70117
-4.7024
-4.70327
-4.70322
-4.70326
-4.70368
-4.70287
-4.70122
-4.70018
-4.69952
-4.69963
-4.69964
-4.70002
-4.69992
-4.69908
-4.6992
-4.6998
-4.70058
-4.70037
-4.7004
-4.69979
-4.70006
-4.70047
-4.69954
-4.70018
-4.69985
-4.70006
-4.70036
-4.70072
-4.70142
-4.70106
-4.70128
-4.70191
-4.70217
-4.70207
-4.70295
-4.70362
-4.70302
-4.70269
-4.70325
-4.70321
-4.70288
-4.70275
-4.70237
-4.70313
-4.70335
-4.7032
-4.7028
-4.70226
-4.70248
-4.70326
-4.70308
-4.70255
-4.70167
-4.70164
-4.70126
-4.70144
-4.70142
-4.70122
-4.70008
-4.69895
-4.69919
-4.70022
-4.70025
-4.70079
-4.7008
-4.70057
-4.69978
-4.69979
-4.69997
-4.69998
-4.69965
-4.70002
-4.70033
-4.69983
-4.69945
-4.69921
-4.69945
-4.69868
-4.69933
-4.69943
-4.69971
-4.69953
-4.69992
-4.70025
-4.6999
-4.69981
-4.69969
-4.69943
-4.69905
-4.69765
-4.69675
-4.69752
-4.69783
-4.69798
-4.69765
-4.69835
-4.69769
-4.69701
-4.69725
-4.69752
-4.69737
-4.69726
-4.69748
-4.69802
-4.69736
-4.69761
-4.69755
-4.69794
-4.69818
-4.69873
-4.70003
-4.70087
-4.70107
-4.70126
-4.70141
-4.70231
-4.70244
-4.70192
-4.70122
-4.70107
-4.70059
-4.69949
-4.69915
-4.69886
-4.69939
-4.69967
-4.69967
-4.69934
-4.69975
-4.70001
-4.70033
-4.70044
-4.70094
-4.70088
-4.7008
-4.70039
-4.70038
-4.70002
-4.69962
-4.69948
-4.69945
-4.69939
-4.69901
-4.69956
-4.69953
-4.69971
-4.70053
-4.70077
-4.70132
-4.70122
-4.70106
-4.70067
-4.70035
-4.69979
-4.69993
-4.69821
-4.69754
-4.69673
-4.69705
-4.69642
-4.69745
-4.69714
-4.69715
-4.69818
-4.6982
-4.69819
-4.69901
-4.69884
-4.69935
-4.69872
-4.69833
-4.69909
-4.6992
-4.69941
-4.69959
-4.70034
-4.70167
-4.7012
-4.7015
-4.702
-4.70226
-4.70198
-4.70173
-4.70181
-4.70204
-4.70254
-4.70194
-4.70205
-4.70045
-4.70078
-4.70064
-4.70083
-4.70182
-4.70243
-4.70203
-4.7023
-4.70288
-4.70331
-4.70355
-4.70328
-4.70448
-4.70471
-4.70459
-4.70383
-4.7035
-4.70347
-4.70255
-4.70257
-4.70251
-4.70251
-4.70168
-4.70242
-4.70288
-4.70287
-4.70358
-4.70392
-4.70316
-4.70329
-4.7036
-4.70458
-4.70426
-4.70411
-4.70379
-4.70325
-4.70247
-4.70208
-4.70226
-4.70214
-4.70161
-4.70204
-4.70254
-4.70293
-4.70257
-4.70174
-4.70164
-4.70135
-4.70133
-4.70158
-4.7012
-4.70109
-4.70079
-4.70122
-4.70087
-4.70007
-4.69929
-4.69887
-4.6987
-4.6997
-4.69992
-4.70008
-4.70015
-4.70038
-4.70055
-4.70065
-4.70094
-4.70143
-4.70151
-4.70211
-4.70249
-4.70191
-4.70223
-4.70259
-4.70317
-4.70355
-4.70325
-4.70285
-4.70245
-4.70308
-4.70323
-4.70413
-4.70339
-4.70315
-4.70433
-4.70405
-4.70395
-4.70427
-4.70451
-4.7045
-4.70456
-4.7044
-4.70422
-4.70451
-4.70484
-4.70461
-4.70455
-4.70374
-4.70368
-4.70362
-4.70234
-4.702
-4.70154
-4.70217
-4.70208
-4.70201
-4.70195
-4.70176
-4.7016
-4.70071
-4.70163
-4.70239
-4.70253
-4.70309
-4.70359
-4.70345
-4.70263
-4.70313
-4.70416
-4.7041
-4.70327
-4.70336
-4.7035
-4.70311
-4.70279
-4.70267
-4.70196
-4.70227
-4.70174
-4.70158
-4.70076
-4.7016
-4.70157
-4.70241
-4.70238
-4.70301
-4.70339
-4.70477
-4.70551
-4.70726
-4.70741
-4.70776
-4.70747
-4.70644
-4.70537
-4.70476
-4.70483
-4.70456
-4.70566
-4.70539
-4.70525
-4.70564
-4.70622
-4.70665
-4.70706
-4.70728
-4.70774
-4.70707
-4.70676
-4.70683
-4.70579
-4.70623
-4.70609
-4.70551
-4.70543
-4.70597
-4.70594
-4.70548
-4.70596
-4.70632
-4.70656
-4.70532
-4.7056
-4.70649
-4.7063
-4.70638
-4.70672
-4.70627
-4.70518
-4.70497
-4.70429
-4.70375
-4.70352
-4.70284
-4.70324
-4.70364
-4.70329
-4.70232
-4.70147
-4.70149
-4.70165
-4.70183
-4.70144
-4.70125
-4.70127
-4.7006
-4.70103
-4.70057
-4.69998
-4.70165
-4.70268
-4.70292
-4.70309
-4.70364
-4.70368
-4.70336
-4.70345
-4.70369
-4.70426
-4.70323
-4.70334
-4.70369
-4.70474
-4.7051
-4.70593
-4.70598
-4.70552
-4.70558
-4.70571
-4.70641
-4.70664
-4.70615
-4.70586
-4.70593
-4.70573
-4.70552
-4.70501
-4.70494
-4.70531
-4.70506
-4.70523
-4.70446
-4.70379
-4.70398
-4.70383
-4.70381
-4.70484
-4.70436
-4.7027
-4.70245
-4.70272
-4.70305
-4.70296
-4.70289
-4.70283
-4.70232
-4.70274
-4.70364
-4.70365
-4.70412
-4.70395
-4.70433
-4.70464
-4.70503
-4.70521
-4.70596
-4.70578
-4.7059
-4.70618
-4.70546
-4.70554
-4.7045
-4.70552
-4.70544
-4.70591
-4.70734
-4.70738
-4.70686
-4.70603
-4.70564
-4.70465
-4.70417
-4.70409
-4.7028
-4.70261
-4.70232
-4.7018
-4.70181
-4.70113
-4.70141
-4.70071
-4.70098
-4.70102
