0.927186
0.912607
0.897268
0.881776
0.866903
0.853461
0.842133
0.833333
0.827128
0.823332
0.821628
0.821806
0.823823
0.827871
0.83425
0.843229
0.854867
0.868883
0.884696
0.901491
0.918331
0.934241
0.948262
0.959492
0.967152
0.970738
0.970099
0.965395
0.957115
0.945981
0.932844
0.918606
0.904085
0.889971
0.876813
0.865069
0.855154
0.84753
0.842686
0.841208
0.843631
0.850268
0.860978
0.875041
0.891263
0.908198
0.924453
0.938855
0.950537
0.95895
0.963822
0.965114
0.963022
0.95792
0.950325
0.940846
0.930068
0.918492
0.906478
0.894297
0.882228
0.870728
0.8605
0.852471
0.847566
0.846404
0.849023
0.854809
0.862645
0.871215
0.879248
0.885729
0.889911
0.891309
0.889684
0.884992
0.87743
0.867455
0.855792
0.843491
0.831901
0.82253
0.816835
0.815925
0.820259
0.829483
0.84251
0.857753
0.873465
0.888
0.900048
0.908709
0.913524
0.914433
0.91177
0.906151
0.898406
0.889509
0.880453
0.872175
0.865434
0.860783
0.858513
0.858649
0.861005
0.865203
0.870744
0.877035
0.883414
0.889188
0.893715
0.896432
0.896937
0.895032
0.890768
0.884475
0.876778
0.868546
0.860804
0.854511
0.8503
0.848356
0.84844
0.850024
0.852495
0.855299
0.858009
0.860392
0.862376
0.863983
0.865258
0.866245
0.86696
0.867327
0.867218
0.866478
0.864949
0.862522
0.85922
0.855255
0.851161
0.847731
0.845894
0.846445
0.849813
0.856012
0.864658
0.875126
0.886669
0.898471
0.909747
0.919736
0.927759
0.933271
0.935946
0.935654
0.932487
0.926751
0.918915
0.909531
0.899222
0.888619
0.87833
0.868897
0.860724
0.854083
0.849055
0.845519
0.843233
0.841855
0.841068
0.840651
0.840507
0.840656
0.841216
0.842375
0.844239
0.84682
0.849917
0.853186
0.856167
0.858343
0.859289
0.858781
0.85684
0.853788
0.850192
0.846785
0.844227
0.842921
0.842867
0.843656
0.844671
0.845272
0.845107
0.844205
0.842919
0.841808
0.841403
0.84198
0.84344
0.845363
0.847082
0.847995
0.847782
0.846548
0.844772
0.843029
0.84162
0.840363
0.838729
0.836248
0.832774
0.828586
0.824225
0.820238
0.817002
0.814686
0.813311
0.812924
0.813661
0.815729
0.819252
0.824166
0.830063
0.8363
0.84216
0.847042
0.850519
0.852386
0.85255
0.850993
0.847679
0.84263
0.836032
0.828279
0.820013
0.812027
0.805115
0.799858
0.796515
0.795053
0.795299
0.797101
0.800404
0.805186
0.811347
0.818582
0.826444
0.83445
0.842213
0.849457
0.855978
0.861563
0.865879
0.868499
0.868975
0.86692
0.862083
0.854442
0.844234
0.831948
0.818409
0.804726
0.792213
0.782216
0.77585
0.773767
0.776018
0.782097
0.791192
0.802443
0.814986
0.827933
0.840347
0.851328
0.86012
0.866242
0.869554
0.870188
0.868479
0.864908
0.860014
0.854374
0.848598
0.843271
0.838901
0.835874
0.834369
0.83444
0.836097
0.83936
0.844237
0.850608
0.858084
0.86601
0.873586
0.880066
0.884884
0.887747
0.888655
0.887855
0.885784
0.882959
0.879816
0.876608
0.873365
0.869941
0.866163
0.86196
0.85741
0.852702
0.848057
0.843715
0.839946
0.837033
0.835241
0.834702
0.835377
0.837002
0.839216
0.841672
0.844122
0.846441
0.848583
0.850513
0.852176
0.853527
0.854537
0.855241
0.85579
0.856431
0.857451
0.859121
0.861641
0.865074
0.869226
0.873769
0.878239
0.882104
0.884889
0.886143
0.885498
0.882742
0.877845
0.871038
0.862817
0.853927
0.845289
0.837899
0.832612
0.830033
0.830387
0.833544
0.839129
0.846588
0.855357
0.864904
0.874774
0.884563
0.893891
0.902398
0.909753
0.915679
0.919971
0.922515
0.923335
0.922552
0.920375
0.917037
0.912751
0.907656
0.901837
0.89537
0.888358
0.881014
0.873667
0.866722
0.860635
0.855787
0.852404
0.8505
0.849847
0.850072
0.850776
0.851594
0.852319
0.852887
0.853391
0.853989
0.854917
0.85642
0.858706
0.86192
0.86609
0.871069
0.876558
0.882151
0.887396
0.891887
0.895288
0.897388
0.898099
0.897386
0.895279
0.891831
0.887068
0.881001
0.873633
0.864985
0.855108
0.844131
0.832292
0.820006
0.807914
0.796787
0.787445
0.780542
0.77635
0.774684
0.774962
0.776501
0.778789
0.781633
0.785099
0.789363
0.794618
0.801031
0.808749
0.817934
0.828649
0.840744
0.853852
0.867404
0.880749
0.893291
0.904564
0.914253
0.922111
0.927835
0.931045
0.93137
0.928658
0.923114
0.915358
0.906299
0.896967
0.888276
0.880919
0.875294
0.871503
0.869411
0.868676
0.868928
0.869808
0.871036
0.872396
0.873721
0.874822
0.875399
0.875048
0.873289
0.869657
0.863875
0.856015
0.846649
0.836828
0.827932
0.821358
0.818109
0.818522
0.822248
0.828457
0.836133
0.844341
0.852363
0.859679
0.865927
0.870835
0.874183
0.87584
0.875758
0.874047
0.871011
0.867139
0.863036
0.859276
0.856254
0.85409
0.852587
0.851375
0.850079
0.848498
0.84672
0.845129
0.84435
0.84508
0.84785
0.852871
0.859924
0.868288
0.876892
0.884489
0.889941
0.892383
0.891461
0.887393
0.88088
0.872944
0.864695
0.857057
0.850681
0.845957
0.843116
0.842356
0.843806
0.847445
0.853008
0.859964
0.867564
0.875003
0.881606
0.886981
0.891061
0.894044
0.896273
0.898111
0.899845
0.90171
0.903849
0.906341
0.909233
0.912504
0.916031
0.919571
0.922768
0.925176
0.926299
0.925661
0.922912
0.917857
0.910511
0.901125
0.890134
0.878095
0.865662
0.853548
0.842519
0.833333
0.826613
0.822763
0.821869
0.823638
0.827474
0.832585
0.838122
0.843276
0.847342
0.849761
0.850141
0.848265
0.844079
0.837753
0.82971
0.820653
0.811481
0.80314
0.796394
0.791614
0.788659
0.786997
0.785934
0.784894
0.78354
0.781869
0.780157
0.778893
0.778611
0.779786
0.782729
0.787566
0.794218
0.80241
0.811656
0.821184
0.830032
0.837197
0.841872
0.843596
0.842321
0.838386
0.832401
0.825117
0.817327
0.809799
0.803207
0.798129
0.795006
0.794163
0.795768
0.79978
0.805923
0.813743
0.822621
0.831865
0.840784
0.848742
0.855173
0.859687
0.862098
0.862477
0.861116
0.858488
0.855131
0.851506
0.847877
0.844261
0.840447
0.836179
0.831256
0.825692
0.819764
0.814049
0.809287
0.806315
0.805814
0.808241
0.813705
0.821934
0.832287
0.84385
0.855513
0.86612
0.87463
0.880181
0.882202
0.88039
0.874722
0.865363
0.85263
0.837011
0.81917
0.799948
0.780427
0.761904
0.745721
0.733137
0.725222
0.722755
0.726152
0.735289
0.749359
0.76688
0.785999
0.804829
0.821783
0.83571
0.845952
0.852328
0.855059
0.854678
0.851916
0.847553
0.842342
0.836966
0.832042
0.828114
0.825677
0.825202
0.827044
0.831398
0.83822
0.847207
0.857832
0.86936
0.880951
0.891729
0.900865
0.907677
0.911665
0.912608
0.91058
0.906028
0.899704
0.892621
0.885891
0.880445
0.876816
0.875029
0.874687
0.875212
0.87607
0.876953
0.877782
0.878625
0.879531
0.880437
0.881107
0.881149
0.880148
0.877806
0.874125
0.86942
0.864268
0.8594
0.855583
0.85353
0.853815
0.856742
0.862273
0.870012
0.879309
0.889354
0.899321
0.908431
0.915962
0.921237
0.923695
0.922928
0.91874
0.911225
0.900774
0.888105
0.874153
0.859991
0.846679
0.835114
0.825914
0.819304
0.815125
0.812878
0.811863
0.811284
0.810477
0.809046
0.806963
0.804553
0.802274
0.800469
0.799211
0.798325
0.797547
0.796667
0.795514
0.793962
0.791929
0.78944
0.786657
0.783887
0.781515
0.779919
0.779378
0.780056
0.782013
0.785244
0.789673
0.795153
0.801449
0.808173
0.814762
0.820512
0.824645
0.82651
0.825765
0.82254
0.817529
0.811923
0.807144
0.804437
0.80453
0.807573
0.813222
0.820825
0.82961
0.838778
0.847526
0.855082
0.860713
0.863765
0.863754
0.860397
0.853662
0.843756
0.831108
0.816334
0.800223
0.783666
0.767577
0.752799
0.740003
0.729596
0.721704
0.716217
0.712849
0.711209
0.71091
0.711628
0.713187
0.715594
0.719048
0.723768
0.729892
0.737346
0.745796
0.75476
0.763719
0.772186
0.779818
0.786426
0.792004
0.796721
0.800829
0.804553
0.80802
0.811235
0.814075
0.816385
0.818056
0.819121
0.819757
0.82024
0.820838
0.821667
0.822621
0.823334
0.823306
0.822082
0.819392
0.815243
0.809965
0.804111
0.79836
0.793387
0.78975
0.787801
0.787673
0.789319
0.792514
0.796936
0.802221
0.807982
0.813887
0.819658
0.825072
0.829988
0.834319
0.83803
0.841141
0.84368
0.845603
0.846799
0.84704
0.846014
0.843393
0.838972
0.832721
0.824849
0.815807
0.806227
0.796818
0.788232
0.78096
0.775224
0.770955
0.767826
0.765311
0.762803
0.759759
0.755881
0.751314
0.746705
0.74309
0.741533
0.742553
0.745779
0.750064
0.753969
0.756264
0.756243
0.753855
0.749736
0.745186
0.742014
0.742007
0.746295
0.754912
0.766875
0.780709
0.794994
0.808695
0.821159
0.832022
0.84103
0.847966
0.852602
0.854713
0.854135
0.850849
0.845011
0.837013
0.827455
0.817077
0.80666
0.796913
0.788386
0.781415
0.776176
0.772682
0.770833
0.770478
0.771449
0.773583
0.776766
0.780908
0.785915
0.79166
0.797838
0.803992
0.809462
0.813486
0.815334
0.814442
0.810542
0.803749
0.794581
0.783877
0.772728
0.762322
0.753802
0.748092
0.745788
0.747054
0.75164
0.758933
0.768078
0.778129
0.788172
0.797443
0.805426
0.81184
0.816561
0.819615
0.821142
0.821348
0.820478
0.818825
0.816723
0.814599
0.81298
0.812449
0.813589
0.81683
0.822364
0.830046
0.839409
0.849804
0.860544
0.870977
0.880579
0.888971
0.895928
0.901327
0.905104
0.90728
0.907976
0.907419
0.905914
0.903809
0.901358
0.898655
0.89572
0.892524
0.889058
0.885338
0.881315
0.87687
0.871808
0.865959
0.8593
0.852068
0.844787
0.838185
0.833031
0.829942
0.829144
0.830441
0.833249
0.836765
0.840155
0.842765
0.844257
0.844629
0.844137
0.843185
0.842125
0.841134
0.840155
0.838927
0.837103
0.834446
0.831013
0.827305
0.824251
0.822988
0.824394
0.828726
0.835484
0.843655
0.852198
0.860338
0.867704
0.874201
0.879869
0.884742
0.888762
0.891773
0.893523
0.893762
0.892307
0.88908
0.884195
0.877982
0.871076
0.864317
0.858679
0.855026
0.853846
0.85509
0.858183
0.862235
0.866312
0.869618
0.871632
0.872043
0.870752
0.867814
0.863387
0.857782
0.851358
0.844503
0.837559
0.830748
0.824241
0.818168
0.812686
0.808007
0.804401
0.802168
0.801525
0.802591
0.80534
0.809746
0.815827
0.823602
0.832969
0.843485
0.854391
0.86468
0.873337
0.879527
0.882726
0.882771
0.879846
0.874469
0.867424
0.859674
0.852217
0.845979
0.841678
0.839723
0.840157
0.842677
0.846711
0.851515
0.856309
0.860429
0.863459
0.865242
0.865905
0.865786
0.865358
0.865068
0.865194
0.865809
0.866755
0.867682
0.868268
0.868314
0.867857
0.867134
0.86646
0.866087
0.86616
0.866754
0.86792
0.869613
0.871624
0.873597
0.875138
0.876032
0.876284
0.876069
0.875605
0.874977
0.874104
0.872819
0.870977
0.868539
0.865584
0.86223
0.858645
0.855046
0.851704
0.849007
0.84741
0.847297
0.848878
0.852001
0.856084
0.860261
0.86356
0.865144
0.864404
0.861047
0.855109
0.846897
0.836978
0.826131
0.815311
0.805519
0.797704
0.792582
0.790473
0.791266
0.794488
0.799539
0.805877
0.813137
0.821076
0.829467
0.837947
0.845906
0.852527
0.856908
0.858299
0.856371
0.851308
0.843703
0.834333
0.82387
0.812726
0.80111
0.789214
0.777358
0.76602
0.755782
0.747207
0.740789
0.736881
0.735682
0.737187
0.741138
0.747018
0.754111
0.76163
0.768926
0.775592
0.781566
0.787056
0.79244
0.798134
0.804466
0.811605
0.819542
0.828101
0.836973
0.84573
0.853925
0.861095
0.866856
0.870952
0.873262
0.873815
0.872795
0.870539
0.867537
0.86434
0.861504
0.859535
0.8588
0.85946
0.861517
0.864856
0.869301
0.874664
0.880757
0.887312
0.893939
0.900094
0.905179
0.908565
0.909762
0.908481
0.904616
0.898251
0.889615
0.879025
0.866953
0.854059
0.841287
0.829862
0.821122
0.816124
0.815168
0.81758
0.821833
0.8261
0.8289
0.829539
0.828137
0.825506
0.822709
0.820703
0.820029
0.82077
0.822685
0.825421
0.828747
0.832641
0.837273
0.842897
0.849611
0.857229
0.865215
0.872763
0.878938
0.882894
0.88403
0.882054
0.877037
0.86931
0.859451
0.848183
0.836311
0.824599
0.813722
0.8042
0.796416
0.790706
0.787436
0.787
0.789732
0.795724
0.804628
0.815624
0.827602
0.83939
0.8499
0.858184
0.863543
0.865675
0.864814
0.861688
0.857365
0.852957
0.849366
0.84709
0.846204
0.846399
0.847187
0.848059
0.848649
0.848814
0.848669
0.848494
0.848588
0.849156
0.850201
0.851539
0.852908
0.85407
0.854815
0.855003
0.854503
0.853206
0.851047
0.847999
0.844105
0.839528
0.834541
0.829504
0.824826
0.820925
0.818107
0.816497
0.815931
0.81595
0.815901
0.815132
0.81316
0.809801
0.805084
0.799237
0.792548
0.785286
0.777685
0.77
0.762516
0.755631
0.749865
0.745869
0.744386
0.746082
0.75131
0.75994
0.771297
0.784295
0.797735
0.810607
0.822296
0.832568
0.841476
0.849195
0.855906
0.861729
0.866672
0.870696
0.873766
0.875861
0.877
0.877196
0.876408
0.874486
0.871174
0.866105
0.858912
0.849377
0.837609
0.824172
0.810105
0.796749
0.785405
0.776987
0.771798
0.769528
0.769443
0.770634
0.772304
0.773866
0.775072
0.775937
0.776643
0.77737
0.778111
0.778651
0.778629
0.777691
0.77564
0.772554
0.768787
0.764919
0.761656
0.759662
0.759439
0.761281
0.765294
0.771464
0.779699
0.78985
0.80161
0.814509
0.827854
0.84087
0.852844
0.863274
0.871915
0.878844
0.884353
0.888844
0.892689
0.896116
0.899207
0.901875
0.903942
0.905184
0.905344
0.904091
0.901044
0.895847
0.888225
0.878078
0.865572
0.851074
0.835202
0.818767
0.802672
0.787876
0.775206
0.765211
0.758142
0.754058
0.752981
0.75504
0.760487
0.769536
0.782134
0.797757
0.815346
0.833435
0.850355
0.864516
0.874647
0.880001
0.880448
0.876471
0.869052
0.85951
0.849258
0.839548
0.831311
0.825122
0.82125
0.819771
0.820656
0.82378
0.828871
0.835485
0.843016
0.850771
0.858114
0.864605
0.870051
0.874506
0.878174
0.881308
0.884165
0.886968
0.889898
0.893137
0.896798
0.900857
0.905093
0.909075
0.912224
0.913933
0.913748
0.91146
0.907113
0.901004
0.893631
0.88558
0.877397
0.869508
0.862157
0.855482
0.849522
0.844317
0.839982
0.836655
0.834494
0.833555
0.833731
0.834695
0.835941
0.83691
0.837095
0.836105
0.833714
0.829852
0.82464
0.818376
0.811486
0.804567
0.798254
0.793079
0.789387
0.78726
0.78653
0.786869
0.787838
0.788981
0.789913
0.790385
0.790373
0.790145
0.790189
0.791124
0.793529
0.797723
0.803683
0.811011
0.819027
0.826939
0.834086
0.840127
0.845099
0.849288
0.852987
0.856213
0.858721
0.860182
0.860447
0.859703
0.858432
0.857231
0.856636
0.856935
0.858126
0.860003
0.862301
0.864851
0.867701
0.871096
0.875373
0.880716
0.886964
0.893532
0.899494
0.903787
0.905525
0.904195
0.899692
0.892309
0.882624
0.871431
0.859736
0.848809
0.840086
0.834951
0.834327
0.838227
0.845631
0.854617
0.862949
0.868632
0.870317
0.867497
0.860556
0.85074
0.839948
0.830312
0.823601
0.820563
0.820828
0.823257
0.826578
0.82974
0.832019
0.83292
0.832109
0.829382
0.824783
0.818693
0.811818
0.805051
0.799304
0.795323
0.793622
0.794409
0.79759
0.802788
0.809457
0.816938
0.824544
0.831627
0.837592
0.841958
0.844444
0.84493
0.843537
0.840582
0.83655
0.832089
0.827974
0.824961
0.823701
0.824576
0.827645
0.832686
0.839275
0.846878
0.854974
0.863063
0.870649
0.877258
0.882416
0.885722
0.886876
0.885759
0.882417
0.877112
0.870266
0.862453
0.854323
0.846543
0.839727
0.834333
0.830643
0.828676
0.82819
0.828706
0.829617
0.830328
0.830388
0.829575
0.827961
0.825916
0.823997
0.822786
0.822736
0.824006
0.826389
0.829373
0.832285
0.834509
0.835646
0.835604
0.834588
0.833002
0.831242
0.829562
0.828021
0.826519
0.824873
0.822859
0.820291
0.817039
0.813123
0.80872
0.804125
0.799721
0.795852
0.792765
0.790596
0.789375
0.789084
0.789708
0.791234
0.7937
0.797114
0.801413
0.806408
0.811847
0.817487
0.823129
0.828597
0.833662
0.837974
0.841083
0.84255
0.842092
0.83969
0.835658
0.830537
0.824908
0.819152
0.813304
0.807127
0.800483
0.793655
0.787393
0.782637
0.7801
0.779967
0.781953
0.785605
0.790465
0.796086
0.802038
0.807888
0.813284
0.817978
0.821975
0.825524
0.829053
0.833023
0.837802
0.843526
0.850026
0.856816
0.863158
0.868211
0.871155
0.871269
0.868014
0.861093
0.850509
0.836652
0.820377
0.802974
0.786119
0.771536
0.760646
0.754254
0.752466
0.754805
0.760474
0.768599
0.778383
0.789132
0.800243
0.811204
0.82153
0.830802
0.83866
0.844848
0.849281
0.852078
0.853586
0.85433
0.854927
0.855899
0.85757
0.860027
0.863111
0.866495
0.869744
0.872365
0.873921
0.874154
0.873085
0.871061
0.868664
0.866542
0.86529
0.865283
0.866582
0.868982
0.872041
0.875233
0.878006
0.87984
0.880324
0.879151
0.876157
0.871386
0.865111
0.857823
0.850183
0.842924
0.836704
0.831961
0.828785
0.826897
0.825748
0.824768
0.823622
0.822374
0.821482
0.821583
0.823144
0.826206
0.830302
0.834661
0.838475
0.841169
0.842599
0.843003
0.842902
0.842925
0.843598
0.845191
0.847693
0.850855
0.854326
0.85774
0.860794
0.863222
0.864731
0.864998
0.863669
0.860465
0.855234
0.848073
0.839423
0.830049
0.820984
0.813432
0.808512
0.807038
0.809347
0.815224
0.824021
0.834806
0.846523
0.858123
0.868626
0.877215
0.883268
0.886505
0.887055
0.885459
0.882569
0.879305
0.876346
0.87394
0.871962
0.870114
0.868192
0.866241
0.864617
0.863914
0.864724
0.867442
0.872048
0.878016
0.884453
0.890369
0.894994
0.897926
0.899131
0.898891
0.897608
0.895635
0.893124
0.890065
0.886363
0.881971
0.877017
0.871789
0.866667
0.861988
0.857983
0.854824
0.852719
0.851895
0.852573
0.854905
0.858901
0.864405
0.871127
0.878643
0.886474
0.894073
0.900859
0.90625
0.909731
0.911003
0.91005
0.907193
0.903019
0.89826
0.893587
0.889358
0.885421
0.881173
0.875808
0.868573
0.859093
0.847503
0.834604
0.82185
0.811254
0.804936
0.804455
0.810162
0.820924
0.834532
0.848445
0.860406
0.868784
0.872664
0.871853
0.866771
0.858362
0.847972
0.837126
0.827224
0.819336
0.81408
0.811641
0.811893
0.814553
0.819137
0.824985
0.831262
0.837115
0.841873
0.845153
0.846903
0.847298
0.846632
0.845219
0.843345
0.841285
0.839321
0.837743
0.836859
0.837003
0.838407
0.841156
0.845174
0.850183
0.855821
0.861683
0.867395
0.872652
0.87723
0.881005
0.883932
0.886069
0.887544
0.88848
0.888945
0.888847
0.887958
0.885959
0.882626
0.877933
0.87212
0.865653
0.859098
0.853054
0.848017
0.844353
0.842264
0.841782
0.842761
0.844833
0.847461
0.849992
0.851743
0.852063
0.850487
0.846801
0.841085
0.833761
0.825523
0.817288
0.810012
0.804476
0.801122
0.799972
0.800599
0.802283
0.804193
0.805681
0.806449
0.806638
0.806698
0.807188
0.808521
0.810846
0.814142
0.818326
0.823275
0.828845
0.83479
0.840757
0.846291
0.850957
0.854367
0.856181
0.856205
0.85439
0.850937
0.846245
0.840884
0.835463
0.830478
0.826213
0.8228
0.820317
0.818904
0.818784
0.820197
0.823246
0.827797
0.833439
0.839548
0.845435
0.850448
0.85407
0.855962
0.856007
0.854289
0.851097
0.846908
0.84239
0.838444
0.836146
0.836572
0.840502
0.848065
0.858615
0.870844
0.883095
0.893748
0.901561
0.905777
0.906153
0.902883
0.89642
0.887404
0.876547
0.864529
0.85202
0.839663
0.828149
0.818146
