1.10029
1.11431
1.12673
1.13544
1.13935
1.13867
1.13478
1.12979
1.12573
1.12355
1.1227
1.12152
1.11822
1.11187
1.10277
1.09232
1.08242
1.07508
1.07178
1.07303
1.07791
1.08426
1.08964
1.09229
1.09131
1.08622
1.0767
1.06319
1.04765
1.03345
1.02407
1.02124
1.02418
1.03046
1.0375
1.04355
1.04782
1.0503
1.05146
1.05198
1.0525
1.05326
1.05401
1.05424
1.05372
1.05296
1.05342
1.05702
1.06527
1.07861
1.0962
1.11603
1.13547
1.15172
1.16234
1.16574
1.16146
1.15041
1.13473
1.11733
1.10094
1.0875
1.0783
1.07424
1.07568
1.08169
1.08988
1.09723
1.10116
1.10036
1.09481
1.08556
1.0743
1.06295
1.05339
1.04709
1.04495
1.04719
1.05358
1.06354
1.07626
1.09062
1.10536
1.11939
1.13217
1.14381
1.15492
1.16607
1.17727
1.18767
1.19555
1.1988
1.19587
1.18669
1.17347
1.15998
1.14908
1.14057
1.13193
1.12106
1.10779
1.09343
1.07983
1.06846
1.06008
1.05482
1.05247
1.05281
1.05572
1.06096
1.06794
1.07586
1.08429
1.0936
1.10447
1.11673
1.12873
1.13791
1.14218
1.14083
1.13467
1.12544
1.11509
1.10512
1.09636
1.089
1.0829
1.07779
1.07343
1.06957
1.06594
1.06228
1.05853
1.05495
1.05205
1.05024
1.04974
1.05075
1.05374
1.05939
1.0682
1.08008
1.09439
1.11023
1.12694
1.14425
1.16202
1.17975
1.1965
1.21134
1.22344
1.23194
1.23563
1.23328
1.22397
1.20753
1.18454
1.15638
1.12525
1.09375
1.06434
1.039
1.019
1.00485
0.996527
0.993947
0.997323
1.00663
1.02066
1.03691
1.05225
1.06414
1.07129
1.07367
1.07195
1.06706
1.05978
1.05077
1.04066
1.03034
1.02104
1.01391
1.00931
1.00632
1.00333
0.999234
0.994363
0.990549
0.990367
0.996063
1.00878
1.02805
1.05185
1.07724
1.10117
1.12117
1.13577
1.1446
1.14836
1.14858
1.14717
1.14563
1.1444
1.14263
1.13853
1.13003
1.1156
1.09485
1.06889
1.04048
1.01352
0.991907
0.978557
0.974544
0.978785
0.988755
1.00199
1.01698
1.03293
1.04905
1.06427
1.07724
1.08689
1.09285
1.09566
1.09639
1.09606
1.09517
1.09363
1.0912
1.08789
1.08392
1.07976
1.07609
1.07405
1.0752
1.08097
1.09172
1.10603
1.12085
1.13245
1.13773
1.13513
1.125
1.10925
1.09097
1.07343
1.05902
1.04842
1.04098
1.03574
1.03229
1.03076
1.03144
1.03449
1.03966
1.04634
1.05372
1.06093
1.06716
1.0719
1.07485
1.07601
1.07558
1.07408
1.0722
1.0707
1.07017
1.07085
1.07268
1.07528
1.07809
1.08058
1.08261
1.08428
1.08572
1.08678
1.08684
1.08496
1.08015
1.07174
1.05983
1.04554
1.03096
1.01843
1.00991
1.00638
1.00774
1.01292
1.02034
1.02835
1.03568
1.04147
1.04508
1.04615
1.04478
1.04161
1.03773
1.03457
1.03367
1.03644
1.04382
1.05586
1.07153
1.08901
1.10609
1.12075
1.13136
1.13679
1.13659
1.13122
1.12221
1.11132
1.09933
1.08585
1.07083
1.0559
1.04375
1.03603
1.03194
1.02885
1.02423
1.01697
1.00804
1.00015
0.996586
0.999611
1.00946
1.02478
1.04362
1.06409
1.08456
1.10351
1.11975
1.13277
1.14298
1.15154
1.15972
1.16824
1.17677
1.18409
1.18845
1.18815
1.18212
1.17017
1.15311
1.1324
1.10979
1.08685
1.06472
1.04421
1.026
1.01106
1.00088
0.99728
1.00181
1.0149
1.03531
1.06021
1.08602
1.10954
1.12865
1.14247
1.15112
1.1553
1.15596
1.154
1.15023
1.1454
1.14018
1.13523
1.13114
1.12828
1.12669
1.12595
1.12521
1.12328
1.11886
1.11088
1.09895
1.08371
1.06685
1.05061
1.03706
1.02737
1.02162
1.01919
1.01939
1.02174
1.02596
1.03175
1.03859
1.04578
1.05268
1.05903
1.06492
1.07054
1.07584
1.08016
1.08226
1.08059
1.07394
1.06198
1.04553
1.02663
1.00814
0.993147
0.984168
0.982328
0.987003
0.996029
1.00655
1.01596
1.02259
1.02588
1.02639
1.02546
1.02482
1.0261
1.03044
1.03837
1.04982
1.06422
1.0807
1.0981
1.11501
1.12979
1.14086
1.14694
1.1473
1.14172
1.13056
1.11468
1.0954
1.07443
1.0536
1.03467
1.01926
1.00869
1.00413
1.00649
1.01604
1.0318
1.05128
1.0711
1.08817
1.10065
1.10821
1.11174
1.11252
1.11169
1.10981
1.10692
1.10301
1.09844
1.09401
1.09055
1.08832
1.0867
1.08436
1.07983
1.07216
1.0612
1.04768
1.03309
1.01949
1.00902
1.0032
1.0022
1.00462
1.00809
1.01042
1.01047
1.0084
1.00534
1.00258
1.00092
1.00034
1.00047
1.00113
1.00274
1.00622
1.01242
1.02158
1.03307
1.04561
1.05775
1.06838
1.07695
1.08335
1.08752
1.08903
1.08704
1.08054
1.06879
1.05199
1.03162
1.01046
0.992013
0.979535
0.974842
0.977752
0.986495
0.998743
1.01233
1.02569
1.03789
1.04861
1.05794
1.06626
1.07411
1.08205
1.09046
1.0994
1.10851
1.11724
1.12515
1.13212
1.13815
1.14314
1.14665
1.14806
1.14698
1.14351
1.13808
1.13093
1.12175
1.11018
1.09689
1.08404
1.07457
1.07066
1.07244
1.07788
1.08392
1.08782
1.08818
1.08515
1.07999
1.07416
1.06846
1.0628
1.05683
1.05046
1.04429
1.0394
1.03688
1.03736
1.04066
1.04579
1.05113
1.05493
1.0558
1.0532
1.04747
1.03982
1.03194
1.02576
1.02288
1.02425
1.02985
1.03863
1.04869
1.05774
1.06365
1.065
1.06155
1.05441
1.04587
1.03859
1.03435
1.03323
1.03426
1.03703
1.04265
1.05294
1.06858
1.08834
1.10986
1.13057
1.14808
1.16028
1.16562
1.16345
1.15418
1.13909
1.11973
1.09749
1.07355
1.04947
1.02731
1.00921
0.996761
0.990862
0.991946
1.00012
1.01474
1.03398
1.05495
1.07476
1.09141
1.104
1.1123
1.11627
1.1159
1.1112
1.10258
1.09126
1.07948
1.07032
1.06695
1.07156
1.08447
1.10402
1.1272
1.15066
1.17146
1.18736
1.19693
1.19959
1.19556
1.18603
1.17302
1.15904
1.14645
1.1366
1.12955
1.12429
1.11948
1.11418
1.10813
1.10175
1.09582
1.09108
1.08796
1.08621
1.08477
1.0821
1.07672
1.06791
1.05598
1.04217
1.02824
1.01611
1.00749
1.00357
1.00508
1.01227
1.0248
1.04143
1.05993
1.07756
1.0918
1.10102
1.10475
1.10347
1.09832
1.0907
1.08199
1.07329
1.06527
1.05809
1.05154
1.04556
1.04065
1.03801
1.03898
1.04444
1.05424
1.06706
1.08075
1.09268
1.10047
1.10266
1.09901
1.09046
1.0786
1.06504
1.05084
1.03655
1.02254
1.00957
0.998869
0.99178
0.989223
0.991413
0.997677
1.00656
1.01626
1.02538
1.03344
1.04066
1.04757
1.05469
1.06241
1.07086
1.07983
1.08894
1.09777
1.10604
1.11346
1.11961
1.12387
1.12548
1.12374
1.11826
1.10913
1.09711
1.08354
1.06999
1.05759
1.04657
1.03636
1.02666
1.01827
1.01294
1.0122
1.01643
1.02489
1.03614
1.04825
1.05904
1.06651
1.06937
1.06741
1.06162
1.0541
1.04755
1.04447
1.04651
1.05427
1.06749
1.08517
1.10557
1.12633
1.14497
1.15951
1.16879
1.17238
1.17026
1.16247
1.14909
1.13056
1.10818
1.08441
1.06282
1.04731
1.04073
1.04345
1.053
1.06556
1.07798
1.08868
1.09731
1.10387
1.10799
1.10887
1.10557
1.09745
1.08438
1.06692
1.04648
1.02537
1.0067
0.993609
0.988487
0.992392
1.00503
1.02492
1.04964
1.07632
1.10223
1.12546
1.145
1.16032
1.17077
1.17528
1.17289
1.16341
1.14764
1.12712
1.10358
1.07845
1.05288
1.02796
1.00509
0.986079
0.972747
0.966274
0.966673
0.972815
0.98305
0.995889
1.01037
1.02593
1.04206
1.05803
1.07273
1.08493
1.09349
1.0977
1.09739
1.09285
1.08444
1.07238
1.05687
1.03833
1.01771
0.996462
0.976519
0.960278
0.950328
0.948493
0.954694
0.966889
0.982303
0.99859
1.01404
1.02733
1.03711
1.04201
1.04074
1.03271
1.01928
1.00518
0.99777
1.00215
1.01681
1.03575
1.05351
1.06729
1.07624
1.08055
1.08096
1.07852
1.07446
1.06997
1.06608
1.06346
1.06241
1.06285
1.06445
1.06653
1.06812
1.06799
1.06508
1.05884
1.0495
1.03795
1.02538
1.01302
1.00222
0.994566
0.991809
0.995058
1.00386
1.01632
1.03003
1.04291
1.05376
1.06232
1.06915
1.07523
1.08143
1.08815
1.0952
1.10192
1.1076
1.11184
1.11461
1.11608
1.11648
1.11603
1.11495
1.11346
1.11159
1.10922
1.10605
1.10162
1.09543
1.08709
1.07663
1.06472
1.05265
1.04221
1.03516
1.03289
1.03596
1.04393
1.05565
1.06996
1.08631
1.10461
1.12478
1.14615
1.16711
1.18537
1.19856
1.20487
1.20352
1.19488
1.18047
1.1626
1.14405
1.12756
1.11519
1.10767
1.10393
1.10146
1.09725
1.0889
1.07549
1.05781
1.03817
1.0196
1.00482
0.995488
0.991949
0.993694
0.999857
1.00945
1.02131
1.03416
1.04669
1.05789
1.06721
1.07457
1.08026
1.08469
1.08832
1.09158
1.09484
1.09834
1.10191
1.10467
1.10501
1.10099
1.0913
1.07635
1.05859
1.04144
1.02793
1.02039
1.02069
1.02937
1.04509
1.06529
1.08736
1.10931
1.12983
1.14796
1.16267
1.17257
1.17613
1.17207
1.16001
1.14091
1.11744
1.09361
1.07381
1.06095
1.05543
1.05551
1.05883
1.06366
1.06921
1.07519
1.08125
1.08655
1.09004
1.09091
1.08926
1.08615
1.08328
1.08198
1.08245
1.08348
1.0833
1.08064
1.07561
1.06963
1.06464
1.06212
1.06238
1.06447
1.06694
1.06872
1.06953
1.06963
1.06934
1.06871
1.06743
1.06496
1.06073
1.05451
1.0468
1.03904
1.03341
1.03189
1.03508
