-5.08234
-5.10179
-5.12044
-5.13298
-5.13857
-5.13694
-5.13018
-5.12317
-5.11778
-5.11389
-5.11345
-5.11343
-5.1082
-5.09837
-5.08395
-5.06882
-5.05378
-5.04238
-5.03796
-5.04169
-5.04909
-5.05923
-5.06714
-5.07077
-5.06796
-5.06012
-5.04473
-5.02474
-5.00077
-4.97892
-4.96502
-4.9616
-4.96535
-4.97595
-4.98571
-4.99499
-5.00141
-5.0052
-5.00724
-5.00829
-5.00926
-5.01012
-5.01074
-5.01038
-5.00935
-5.00843
-5.01005
-5.01562
-5.02936
-5.05071
-5.07713
-5.10717
-5.13663
-5.16046
-5.1757
-5.17979
-5.17258
-5.15421
-5.1313
-5.10442
-5.08092
-5.06148
-5.04763
-5.04161
-5.04441
-5.0556
-5.06858
-5.07909
-5.08448
-5.08374
-5.07448
-5.05972
-5.04343
-5.0264
-5.01261
-5.0045
-5.00164
-5.00505
-5.0146
-5.02942
-5.04777
-5.06931
-5.09183
-5.113
-5.13228
-5.14932
-5.1652
-5.18315
-5.20022
-5.21588
-5.2276
-5.23209
-5.22655
-5.21031
-5.18941
-5.16943
-5.15309
-5.14094
-5.12745
-5.10999
-5.0892
-5.06872
-5.04781
-5.03177
-5.01937
-5.01224
-5.00913
-5.01079
-5.01583
-5.02476
-5.03557
-5.04754
-5.05982
-5.07413
-5.09159
-5.1098
-5.12755
-5.1404
-5.14581
-5.14222
-5.13299
-5.11795
-5.10148
-5.08667
-5.07223
-5.06125
-5.05242
-5.04442
-5.03736
-5.03148
-5.02604
-5.01963
-5.01507
-5.00977
-5.00555
-5.00332
-5.004
-5.00546
-5.01
-5.01831
-5.03186
-5.05011
-5.07126
-5.09518
-5.12185
-5.1467
-5.17294
-5.19885
-5.22406
-5.24505
-5.26303
-5.27499
-5.2791
-5.27533
-5.26029
-5.23475
-5.19906
-5.15591
-5.11034
-5.06325
-5.02174
-4.98355
-4.95426
-4.93407
-4.9235
-4.92036
-4.92633
-4.94051
-4.96179
-4.98578
-5.00828
-5.02652
-5.0362
-5.03924
-5.03447
-5.02778
-5.01596
-5.00283
-4.98771
-4.97275
-4.95845
-4.9477
-4.94113
-4.93691
-4.93261
-4.92583
-4.91822
-4.91286
-4.91334
-4.92334
-4.94408
-4.97292
-5.00999
-5.04836
-5.08351
-5.11247
-5.1341
-5.14698
-5.15166
-5.15147
-5.1494
-5.14849
-5.14635
-5.14455
-5.13757
-5.12431
-5.10186
-5.07045
-5.03076
-4.98824
-4.94804
-4.91685
-4.89821
-4.89325
-4.8996
-4.91686
-4.93781
-4.96003
-4.98388
-5.00817
-5.03106
-5.05038
-5.06444
-5.07225
-5.07577
-5.0771
-5.07681
-5.07463
-5.0716
-5.06797
-5.06243
-5.05702
-5.0511
-5.04514
-5.04215
-5.04418
-5.05329
-5.0713
-5.09188
-5.11373
-5.13006
-5.137
-5.13206
-5.116
-5.09133
-5.06424
-5.03782
-5.01678
-5.00203
-4.9914
-4.98262
-4.97665
-4.97482
-4.97635
-4.98126
-4.98929
-4.99978
-5.0115
-5.0213
-5.03091
-5.03852
-5.04237
-5.04218
-5.03998
-5.03761
-5.0345
-5.03237
-5.03159
-5.03431
-5.03736
-5.04057
-5.04537
-5.04799
-5.05187
-5.05373
-5.0554
-5.05734
-5.05811
-5.05416
-5.04629
-5.03357
-5.0151
-4.99316
-4.97114
-4.95208
-4.9397
-4.93472
-4.93727
-4.94565
-4.95682
-4.9682
-4.97872
-4.98666
-4.99307
-4.9955
-4.99327
-4.98847
-4.98251
-4.97861
-4.97817
-4.98357
-4.99522
-5.01421
-5.03814
-5.06414
-5.08999
-5.11222
-5.12591
-5.13383
-5.13299
-5.12352
-5.10945
-5.09294
-5.07523
-5.05444
-5.03177
-5.00945
-4.99169
-4.98093
-4.97422
-4.96877
-4.96207
-4.95156
-4.93825
-4.92655
-4.92118
-4.92692
-4.944
-4.9681
-4.99717
-5.02904
-5.06007
-5.08695
-5.11144
-5.1314
-5.1473
-5.15969
-5.1726
-5.18709
-5.19965
-5.21107
-5.21671
-5.21606
-5.20581
-5.18811
-5.16156
-5.13039
-5.09632
-5.0612
-5.02776
-4.99683
-4.96918
-4.94828
-4.93357
-4.92763
-4.93526
-4.95688
-4.9881
-5.02506
-5.06425
-5.09913
-5.12658
-5.14696
-5.15845
-5.16443
-5.16451
-5.16079
-5.1566
-5.14819
-5.1402
-5.13317
-5.1269
-5.12251
-5.12059
-5.12014
-5.11865
-5.11578
-5.10928
-5.09702
-5.07765
-5.05502
-5.0286
-5.00528
-4.98563
-4.97156
-4.96287
-4.95921
-4.96062
-4.96504
-4.97193
-4.98097
-4.99209
-5.00256
-5.01298
-5.02182
-5.03091
-5.03841
-5.04551
-5.05312
-5.0555
-5.05247
-5.0423
-5.02344
-4.9987
-4.97111
-4.94398
-4.92225
-4.90982
-4.90797
-4.91551
-4.92963
-4.94615
-4.95904
-4.96727
-4.97189
-4.97218
-4.97056
-4.96797
-4.96953
-4.97671
-4.98915
-5.00666
-5.02804
-5.05313
-5.07791
-5.10306
-5.12523
-5.14131
-5.15007
-5.15063
-5.14275
-5.12537
-5.10049
-5.07165
-5.03994
-5.0078
-4.97878
-4.95675
-4.94112
-4.93526
-4.94095
-4.9554
-4.97995
-5.00886
-5.03731
-5.06307
-5.08133
-5.09064
-5.09466
-5.09523
-5.09305
-5.09038
-5.08604
-5.08004
-5.07405
-5.06856
-5.06476
-5.06082
-5.059
-5.05646
-5.04894
-5.03768
-5.02018
-4.99931
-4.97712
-4.95736
-4.94242
-4.93309
-4.93254
-4.93649
-4.94196
-4.94545
-4.94472
-4.94138
-4.9366
-4.93274
-4.93027
-4.9297
-4.93043
-4.9318
-4.93519
-4.94001
-4.94991
-4.96391
-4.98155
-5.00131
-5.01966
-5.03577
-5.0474
-5.05682
-5.06181
-5.0624
-5.05882
-5.04952
-5.03201
-5.0069
-4.97676
-4.94532
-4.91805
-4.90073
-4.89428
-4.90013
-4.91498
-4.93309
-4.95338
-4.97374
-4.99229
-5.00784
-5.02165
-5.03326
-5.04471
-5.05667
-5.06998
-5.0836
-5.0971
-5.11115
-5.12182
-5.13107
-5.13908
-5.14652
-5.15182
-5.15222
-5.15052
-5.14423
-5.13583
-5.12393
-5.10965
-5.09286
-5.0722
-5.05414
-5.03961
-5.03374
-5.03744
-5.04576
-5.05541
-5.05989
-5.06002
-5.05459
-5.04667
-5.03822
-5.02923
-5.02043
-5.0114
-5.00182
-4.99223
-4.98502
-4.98242
-4.98344
-4.98876
-4.99691
-5.00481
-5.01029
-5.01109
-5.00728
-4.998
-4.98696
-4.97482
-4.9664
-4.96267
-4.96599
-4.97556
-4.98832
-5.00372
-5.01757
-5.02582
-5.02727
-5.02173
-5.01048
-4.99723
-4.98698
-4.98022
-4.97924
-4.98013
-4.98444
-4.99331
-5.00939
-5.03345
-5.06398
-5.09556
-5.12645
-5.1525
-5.17062
-5.17858
-5.1733
-5.15842
-5.13533
-5.10578
-5.07329
-5.03754
-5.00096
-4.96849
-4.94149
-4.92481
-4.91729
-4.92059
-4.93434
-4.95668
-4.98676
-5.01867
-5.04726
-5.07092
-5.08947
-5.10187
-5.10673
-5.10612
-5.09859
-5.08515
-5.06898
-5.05117
-5.03809
-5.03428
-5.04232
-5.06239
-5.09262
-5.12782
-5.1628
-5.19204
-5.21396
-5.22654
-5.22828
-5.2207
-5.20542
-5.18528
-5.16468
-5.14689
-5.13226
-5.12205
-5.11507
-5.10708
-5.09946
-5.09181
-5.08195
-5.07394
-5.06691
-5.06398
-5.06089
-5.05836
-5.05463
-5.04366
-5.02978
-5.01166
-4.99064
-4.96987
-4.95181
-4.94041
-4.93622
-4.93888
-4.95081
-4.97108
-4.99618
-5.0243
-5.04919
-5.06927
-5.08107
-5.08601
-5.08341
-5.07568
-5.06399
-5.05147
-5.03818
-5.02644
-5.01608
-5.00589
-4.99777
-4.99035
-4.98654
-4.98954
-4.99722
-5.01278
-5.03247
-5.05306
-5.07048
-5.08171
-5.08334
-5.07569
-5.06178
-5.0429
-5.02255
-5.00167
-4.97994
-4.95887
-4.93905
-4.9224
-4.9136
-4.91019
-4.91475
-4.92466
-4.93838
-4.95231
-4.96524
-4.97762
-4.98898
-4.99979
-5.01053
-5.02253
-5.03606
-5.04987
-5.06427
-5.07775
-5.08899
-5.09996
-5.10985
-5.11575
-5.1171
-5.11486
-5.10456
-5.09097
-5.0729
-5.05199
-5.03209
-5.01461
-4.99688
-4.98074
-4.96631
-4.95405
-4.94726
-4.9463
-4.9523
-4.96536
-4.98281
-4.99987
-5.01523
-5.02687
-5.03088
-5.02892
-5.01966
-5.00818
-4.99902
-4.99508
-4.99974
-5.013
-5.03282
-5.05989
-5.09072
-5.12154
-5.149
-5.16903
-5.18181
-5.18648
-5.1823
-5.16992
-5.14918
-5.12115
-5.08701
-5.05203
-5.02
-4.99762
-4.9889
-4.99423
-5.00957
-5.02872
-5.04701
-5.06261
-5.07555
-5.08505
-5.09037
-5.09112
-5.08623
-5.0733
-5.05192
-5.02592
-4.99512
-4.9633
-4.93562
-4.91599
-4.90917
-4.91654
-4.93641
-4.96716
-5.00625
-5.04526
-5.08429
-5.11847
-5.14688
-5.16994
-5.18526
-5.19149
-5.18698
-5.17189
-5.14695
-5.11607
-5.08087
-5.0429
-5.00531
-4.96722
-4.93262
-4.90347
-4.88384
-4.87489
-4.8763
-4.88594
-4.90193
-4.92148
-4.94264
-4.96565
-4.99109
-5.01524
-5.0367
-5.05513
-5.0675
-5.07328
-5.07307
-5.06459
-5.05187
-5.03356
-5.00964
-4.98145
-4.95061
-4.91879
-4.88835
-4.86491
-4.85157
-4.85008
-4.86076
-4.87972
-4.90221
-4.92677
-4.94971
-4.97011
-4.98445
-4.99156
-4.9885
-4.97624
-4.95664
-4.93566
-4.92595
-4.93464
-4.95772
-4.98536
-5.01124
-5.02999
-5.04223
-5.04775
-5.04817
-5.04448
-5.03824
-5.03138
-5.02555
-5.02275
-5.02217
-5.02259
-5.0245
-5.02808
-5.02953
-5.02913
-5.02444
-5.01413
-4.99881
-4.98095
-4.96188
-4.94303
-4.92748
-4.91662
-4.91425
-4.92064
-4.93485
-4.9542
-4.97506
-4.99444
-5.01066
-5.02394
-5.03371
-5.04233
-5.05307
-5.06428
-5.07425
-5.08376
-5.09239
-5.09883
-5.10382
-5.1063
-5.10646
-5.10552
-5.10368
-5.10168
-5.09821
-5.09472
-5.08906
-5.08218
-5.07214
-5.0593
-5.04242
-5.02593
-5.00765
-4.99177
-4.98198
-4.97861
-4.98447
-4.99767
-5.0163
-5.03705
-5.06171
-5.08945
-5.1192
-5.15133
-5.18193
-5.20781
-5.22635
-5.2341
-5.23047
-5.21727
-5.19526
-5.16816
-5.14032
-5.11547
-5.09674
-5.08704
-5.08272
-5.07987
-5.07337
-5.06011
-5.03925
-5.01196
-4.98259
-4.95483
-4.93356
-4.92013
-4.91687
-4.91961
-4.92884
-4.94319
-4.96077
-4.9822
-5.00056
-5.0174
-5.03002
-5.04154
-5.05061
-5.05711
-5.06232
-5.06702
-5.07209
-5.07739
-5.0827
-5.0872
-5.08734
-5.08052
-5.0651
-5.04266
-5.01527
-4.99021
-4.97053
-4.95985
-4.96125
-4.97516
-4.99976
-5.03096
-5.06386
-5.09785
-5.12894
-5.15555
-5.17608
-5.19024
-5.19375
-5.18586
-5.16751
-5.13724
-5.10182
-5.06565
-5.03774
-5.0202
-5.01413
-5.01458
-5.01927
-5.02711
-5.03673
-5.0453
-5.05358
-5.06013
-5.0656
-5.06621
-5.06341
-5.05866
-5.05422
-5.05271
-5.05436
-5.05646
-5.05481
-5.05088
-5.04171
-5.03305
-5.02646
-5.02357
-5.02493
-5.02777
-5.03158
-5.03441
-5.03472
-5.03374
-5.03251
-5.0315
-5.02959
-5.02505
-5.01811
-5.00986
-4.99816
-4.98729
-4.97995
-4.97747
-4.98366
-4.99432
-5.00536
-5.01465
-5.01797
-5.01198
-4.9954
-4.96969
-4.9373
-4.90765
-4.8953
-4.91016
-4.94747
-4.99559
-5.04705
-5.09544
-5.13619
-5.16579
-5.18188
-5.18558
-5.17538
-5.15622
-5.12644
-5.09361
-5.062
-5.03643
-5.02061
-5.01409
-5.01501
-5.01971
-5.02325
-5.02579
-5.02455
-5.02076
-5.01279
-5.00281
-4.99301
-4.98293
-4.97665
-4.97565
-4.97917
-4.99098
-5.00849
-5.03223
-5.06021
-5.08776
-5.11071
-5.1275
-5.1354
-5.13415
-5.12319
-5.10766
-5.08834
-5.06742
-5.04393
-5.01964
-4.99494
-4.97302
-4.95519
-4.94541
-4.94306
-4.94865
-4.95972
-4.97298
-4.98758
-5.00286
-5.01629
-5.0263
-5.03471
-5.04097
-5.04504
-5.04617
-5.04562
-5.04259
-5.03798
-5.03085
-5.02375
-5.01551
-5.0098
-5.00868
-5.01368
-5.02246
-5.03496
-5.04602
-5.05351
-5.05865
-5.06155
-5.06555
-5.07105
-5.07622
-5.08367
-5.09195
-5.09744
-5.10247
-5.10641
-5.1101
-5.11077
-5.10875
-5.10528
-5.10082
-5.09696
-5.09229
-5.08925
-5.08291
-5.0742
-5.06216
-5.04529
-5.02285
-4.99629
-4.96822
-4.94143
-4.92153
-4.91387
-4.92165
-4.94107
-4.96976
-5.00261
-5.03344
-5.05958
-5.07981
-5.09571
-5.10702
-5.11556
-5.12279
-5.12873
-5.13341
-5.13763
-5.13866
-5.13957
-5.1367
-5.13318
-5.12857
-5.12149
-5.11233
-5.10216
-5.09027
-5.07893
-5.06829
-5.06074
-5.05334
-5.04765
-5.04282
-5.03884
-5.03661
-5.03601
-5.0391
-5.04643
-5.05659
-5.06938
-5.08207
-5.09223
-5.10136
-5.10828
-5.1152
-5.12366
-5.13599
-5.15165
-5.16953
-5.187
-5.20377
-5.21624
-5.22337
-5.22607
-5.2246
-5.22124
-5.21755
-5.21212
-5.20798
-5.20235
-5.1925
-5.17904
-5.16008
-5.13597
-5.1072
-5.07512
-5.04464
-5.01901
-4.99925
-4.98671
-4.98386
-4.98987
-5.0011
-5.01803
-5.0381
-5.06084
-5.08246
-5.10083
-5.11124
-5.11442
-5.10913
-5.09818
-5.08095
-5.05824
-5.03112
-5.00101
-4.97011
-4.94523
-4.93066
-4.92649
-4.93353
-4.94867
-4.96701
-4.98701
-5.00446
-5.01768
-5.02407
-5.02276
-5.01522
-5.00247
-4.98987
-4.98489
-4.99119
-5.01265
-5.04961
-5.09682
-5.14807
-5.19444
-5.23171
-5.25663
-5.2684
-5.26693
-5.25729
-5.24033
-5.22091
-5.20573
-5.1968
-5.19379
-5.19509
-5.20047
-5.20736
-5.21364
-5.21938
-5.22136
-5.22062
-5.218
-5.21243
-5.20424
-5.19637
-5.18706
-5.176
-5.1619
-5.14605
-5.13095
-5.11957
-5.11336
-5.11284
-5.11539
-5.11914
-5.12274
-5.1213
-5.11519
-5.10288
-5.0842
-5.05936
-5.03091
-5.00085
-4.97401
-4.95047
-4.93501
-4.92883
-4.92963
-4.93667
-4.94794
-4.96139
-4.97944
-4.999
-5.02068
-5.0426
-5.06419
-5.07949
-5.08806
-5.0847
-5.07069
-5.0473
-5.0176
-4.98645
-4.95919
-4.94024
-4.93451
-4.94313
-4.96556
-4.99776
-5.03539
-5.0712
-5.10035
-5.12091
-5.12969
-5.13071
-5.12409
-5.11163
-5.09268
-5.07337
-5.0532
-5.03422
-5.02346
-5.02221
-5.03155
-5.04856
-5.06898
-5.08922
-5.1075
-5.11893
-5.12348
-5.11828
-5.10419
-5.08228
-5.05382
-5.02029
-4.98215
-4.94188
-4.90342
-4.8685
-4.84308
-4.82899
-4.8278
-4.84085
-4.86652
-4.90053
-4.93798
-4.97589
-5.01075
-5.03923
-5.0628
-5.08193
-5.09712
-5.10634
-5.10846
-5.10224
-5.08744
-5.06143
-5.02998
-4.99219
-4.95749
-4.92758
-4.90367
-4.8863
-4.87106
-4.8572
-4.84302
-4.83085
-4.82396
-4.82724
-4.84232
-4.8718
-4.91276
-4.95977
-5.00805
-5.04916
-5.08029
-5.10342
-5.11653
-5.12289
-5.12638
-5.12977
-5.13383
-5.13949
-5.1437
-5.14596
-5.14336
-5.13628
-5.12209
-5.10545
-5.08388
-5.06221
-5.04128
-5.02072
-5.00026
-4.97947
-4.95531
-4.9267
-4.89297
-4.85749
-4.82263
-4.79333
-4.77255
-4.76043
-4.75802
-4.76169
-4.77143
-4.78775
-4.80968
-4.83618
-4.86672
-4.89938
-4.92988
-4.95602
-4.97489
-4.98495
-4.98808
-4.98377
-4.97556
-4.96553
-4.95803
-4.95442
-4.95548
-4.96328
-4.97318
-4.98396
-4.99242
-4.99882
-5.00112
-5.00185
-5.00112
-5.00107
-5.0041
-5.00993
-5.0203
-5.03157
-5.0439
-5.05607
-5.06575
-5.06962
-5.0698
-5.06465
-5.05449
-5.0362
-5.01373
-4.98944
-4.96547
-4.94063
-4.91828
-4.89782
-4.88138
-4.8732
-4.87644
-4.89248
-4.92017
-4.95388
-4.98741
-5.01442
-5.02959
-5.03198
-5.02179
-5.00297
-4.98346
-4.96993
-4.96718
-4.97239
-4.98289
-4.99231
-4.99632
-4.99422
-4.98291
-4.96225
-4.93545
-4.90489
-4.8772
-4.85752
-4.84861
-4.8488
-4.85925
-4.87486
-4.89499
-4.91606
-4.94017
-4.9632
-4.98608
-5.00558
-5.0219
-5.03519
-5.04431
-5.05018
-5.05283
-5.05326
-5.05155
-5.04765
-5.04446
-5.03986
-5.03743
-5.03612
-5.03646
-5.04254
-5.05133
-5.06538
-5.07981
-5.09645
-5.1108
-5.12035
-5.12561
-5.12432
-5.11809
-5.10858
-5.09725
-5.08502
-5.07227
-5.05995
-5.0468
-5.03383
-5.02183
-5.00738
-4.99049
-4.97044
-4.94755
-4.93164
-4.92942
-4.94594
-4.9788
-5.01822
-5.05684
-5.09274
-5.12111
-5.13809
-5.14324
-5.13587
-5.12196
-5.10548
-5.09435
-5.09391
-5.10268
-5.11653
-5.1318
-5.14239
-5.14348
-5.13759
-5.12368
-5.10445
-5.07935
-5.0515
-5.0232
-4.99883
-4.98251
-4.97628
-4.98027
-4.99298
-5.01369
-5.04179
-5.07358
-5.10727
-5.13827
-5.1633
-5.17861
-5.18261
-5.17628
-5.16319
-5.14653
-5.12766
-5.1087
-5.08945
-5.07064
-5.05221
-5.03366
-5.01782
-5.00485
-4.99712
-4.99715
-5.00579
-5.02316
-5.05041
-5.08141
-5.11291
-5.13958
-5.15886
-5.16596
-5.16149
-5.14609
-5.12449
-5.10026
-5.07982
-5.06826
-5.06563
-5.0741
-5.09335
-5.12107
-5.15029
-5.17788
-5.19923
-5.21108
-5.21408
-5.20728
-5.18928
-5.16291
-5.12726
-5.08807
-5.04577
-5.004
-4.96317
-4.92785
-4.90036
-4.88299
-4.87725
-4.88466
-4.90321
-4.92745
-4.95128
-4.97036
-4.97843
-4.97798
-4.96642
-4.94736
-4.92391
-4.89914
-4.87866
-4.8634
-4.85366
-4.85025
-4.85257
-4.86086
-4.8769
-4.89699
-4.91929
-4.94109
-4.96197
-4.98057
-4.99694
-5.00835
-5.01522
-5.0176
-5.01652
-5.01532
-5.01523
-5.01786
-5.0238
-5.03223
-5.04523
-5.06056
-5.07396
-5.08161
-5.07985
-5.06765
-5.04591
-5.01873
-4.9923
-4.97238
-4.96262
-4.96126
-4.96779
-4.97776
-4.98891
-4.99922
-5.00833
-5.01654
-5.0236
-5.02927
-5.0332
-5.03695
-5.03861
-5.03898
-5.03595
-5.02594
-5.01
-4.99027
-4.96843
-4.95077
-4.94279
-4.94217
-4.95129
-4.96443
-4.98028
-4.99438
-5.00332
-5.00488
-4.9997
-4.98869
-4.97226
-4.95438
-4.9383
-4.92728
-4.92499
-4.93189
-4.94877
-4.97242
-5.00189
-5.03182
-5.05931
-5.08403
-5.1021
-5.1139
-5.11806
-5.11515
-5.10462
-5.08661
-5.065
-5.03928
-5.012
-4.98121
-4.95137
-4.92446
-4.90322
-4.88909
-4.88353
-4.88775
-4.90006
-4.91843
-4.94051
-4.96013
-4.97486
-4.98092
-4.97943
-4.97255
-4.96162
-4.95115
-4.94249
-4.93778
-4.93658
-4.93815
-4.94142
-4.94658
-4.95432
-4.96482
-4.97897
-4.99627
-5.01697
-5.03836
-5.05954
-5.07521
-5.08593
-5.08965
-5.08653
-5.07494
-5.05692
-5.03369
-5.01003
-4.98625
-4.96781
-4.9581
-4.9592
-4.97019
-4.98802
-5.01174
-5.03739
-5.06288
-5.08221
-5.09664
-5.10499
-5.10609
-5.09912
-5.08704
-5.07165
-5.054
-5.03932
-5.02954
-5.02731
-5.0309
-5.03931
-5.04974
-5.05998
-5.06954
-5.07869
-5.08811
-5.09658
-5.10139
-5.10296
-5.10004
-5.091
-5.08119
-5.06956
-5.05861
-5.04888
-5.04032
-5.03155
-5.02441
-5.02446
-5.03486
-5.05614
-5.08652
-5.11859
-5.14938
-5.17293
-5.18737
-5.19156
-5.18463
-5.16874
-5.14594
-5.11949
-5.09561
-5.07509
-5.06144
-5.0548
-5.05376
-5.05618
-5.06038
-5.06303
-5.06463
-5.06518
-5.06968
-5.07697
-5.08609
-5.09554
-5.10151
-5.1026
-5.09727
-5.08499
-5.06819
-5.04787
-5.02659
-5.00525
-4.98381
-4.96425
-4.94559
-4.92982
-4.91586
-4.90591
-4.90012
-4.89865
-4.90383
-4.9128
-4.92977
-4.95281
-4.9826
-5.01761
-5.05256
-5.08513
-5.11201
-5.12931
-5.13462
-5.12999
-5.11505
-5.09217
-5.06498
-5.0368
-5.0106
-4.99053
-4.9815
-4.98297
-4.99308
-5.01011
-5.03282
-5.05985
-5.08684
-5.11079
-5.13074
-5.1442
-5.14941
-5.14849
-5.14208
-5.13481
-5.12554
-5.11597
-5.1063
-5.09619
-5.08628
-5.07506
-5.06342
-5.05479
-5.05208
-5.05605
-5.06666
-5.08245
-5.09968
-5.11453
-5.12643
-5.13415
-5.13819
-5.13902
-5.13737
-5.13619
-5.13281
-5.13083
-5.12957
-5.12868
-5.13055
-5.13499
-5.14514
-5.16011
-5.17827
-5.1945
-5.20499
-5.20874
-5.20474
-5.19313
-5.17664
-5.15802
-5.14106
-5.13479
-5.14148
-5.16197
-5.19402
-5.23127
-5.26907
-5.3005
-5.32486
-5.34198
-5.34892
-5.34563
-5.33149
-5.30626
-5.26883
-5.22175
-5.16769
-5.11086
-5.05862
-5.01804
-4.99156
-4.98041
-4.97805
-4.97625
-4.97201
-4.96766
-4.96791
-4.97671
-4.99585
-5.0195
-5.04191
-5.06087
-5.07359
-5.08296
-5.08872
-5.09108
-5.0898
-5.08791
-5.07952
-5.0634
-5.03757
-5.00258
-4.96387
-4.93229
-4.91813
-4.92405
-4.94683
-4.97758
-5.0061
-5.02804
-5.04196
-5.04622
-5.041
-5.0293
-5.01172
-4.99142
-4.9741
-4.96455
-4.96521
-4.9777
-4.99815
-5.02113
-5.04143
-5.05622
-5.06403
-5.06262
-5.05479
-5.04442
-5.03923
-5.0431
-5.05906
-5.08729
-5.1216
-5.15811
-5.19451
-5.2246
-5.24661
-5.25736
-5.25918
-5.25497
-5.24739
-5.24046
-5.23696
-5.23673
-5.23272
-5.22638
-5.21582
-5.2055
-5.19922
-5.19831
-5.20421
-5.21373
-5.22614
-5.23664
-5.24581
-5.25313
-5.25727
-5.25667
-5.25256
-5.2433
-5.22962
-5.2099
-5.19043
-5.17135
-5.15709
-5.14926
-5.14785
-5.15179
-5.1576
-5.16231
-5.1617
-5.15725
-5.14961
-5.14088
-5.13298
-5.12665
-5.1232
-5.1237
-5.12828
-5.13484
-5.14319
-5.15073
-5.1575
-5.16221
-5.1651
-5.1638
-5.16097
-5.15375
-5.14348
-5.13269
-5.12172
-5.1121
-5.10261
-5.09397
-5.08661
-5.08008
-5.07607
-5.07779
-5.08562
