1.94432
1.87729
1.81666
1.77576
1.75835
1.76425
1.78688
1.8136
1.83701
1.85531
1.86656
1.87898
1.90491
1.94488
1.99776
2.05419
2.10869
2.15164
2.17504
2.17681
2.16699
2.15226
2.14595
2.15499
2.1845
2.23282
2.30356
2.38945
2.48362
2.56785
2.62497
2.64747
2.64272
2.61664
2.58715
2.55762
2.53375
2.51529
2.49973
2.48424
2.46598
2.44443
2.42031
2.39582
2.37083
2.34293
2.30529
2.25214
2.17427
2.0728
1.95487
1.82828
1.70665
1.60513
1.53437
1.50215
1.50953
1.55364
1.6184
1.69574
1.7673
1.82699
1.86897
1.88749
1.88067
1.85191
1.81757
1.79137
1.78306
1.79691
1.83632
1.89352
1.95773
2.02251
2.07653
2.11192
2.12686
2.1188
2.0882
2.03775
1.97235
1.8955
1.81401
1.73444
1.65943
1.58984
1.52347
1.45483
1.3896
1.33142
1.28878
1.27165
1.28766
1.33731
1.40554
1.47531
1.53676
1.58975
1.64778
1.71821
1.79926
1.88133
1.96101
2.02611
2.07648
2.10891
2.12569
2.12616
2.11328
2.08749
2.0542
2.01706
1.97898
1.93716
1.88931
1.84071
1.79759
1.7727
1.77414
1.80524
1.8582
1.92879
2.0051
2.07815
2.14738
2.20664
2.25758
2.30217
2.34024
2.37152
2.39743
2.42041
2.43568
2.44646
2.44862
2.43979
2.41808
2.38646
2.34051
2.27811
2.19664
2.09808
1.98788
1.86932
1.74506
1.62422
1.50342
1.38775
1.28075
1.19088
1.1187
1.07158
1.05532
1.07271
1.13053
1.22715
1.35939
1.51824
1.68905
1.8628
2.02102
2.16156
2.2716
2.34889
2.39233
2.40563
2.3863
2.33721
2.26432
2.18171
2.10398
2.04186
2.0056
1.99272
2.0038
2.0275
2.06702
2.11447
2.1689
2.2242
2.27637
2.31803
2.3473
2.36875
2.38908
2.4135
2.43761
2.45187
2.44493
2.40635
2.33263
2.23008
2.10416
1.97342
1.85266
1.75265
1.67893
1.63485
1.61801
1.61977
1.6314
1.64511
1.66415
1.68817
1.72989
1.79514
1.89113
2.01735
2.16888
2.32962
2.4817
2.60496
2.6868
2.72274
2.71865
2.6804
2.6247
2.55912
2.48577
2.40939
2.33641
2.27392
2.22741
2.19937
2.18549
2.18001
2.17972
2.18381
2.19033
2.1988
2.2108
2.22197
2.23184
2.23757
2.23153
2.20708
2.15861
2.08379
1.9973
1.90929
1.83969
1.80184
1.80314
1.8414
1.90778
1.98509
2.06079
2.12192
2.16516
2.19498
2.21651
2.22885
2.22957
2.21945
2.19861
2.16841
2.13154
2.0921
2.05733
2.02639
2.0035
1.99203
1.99226
2.0001
2.01102
2.02389
2.03388
2.03885
2.03473
2.02687
2.01669
2.00362
1.99515
1.98673
1.98397
1.98435
1.98815
1.99945
2.02611
2.06877
2.12956
2.20861
2.2984
2.38781
2.46571
2.52122
2.55063
2.55386
2.53603
2.5058
2.4712
2.43724
2.40914
2.38707
2.37595
2.37663
2.38414
2.39344
2.39597
2.38598
2.35674
2.30609
2.23293
2.14421
2.04939
1.95757
1.87936
1.82663
1.79757
1.79777
1.82554
1.87071
1.92583
1.98691
2.05689
2.13262
2.20583
2.26372
2.29914
2.3187
2.33213
2.34825
2.37264
2.40091
2.41975
2.41472
2.37401
2.29745
2.19553
2.07647
1.94864
1.8225
1.70756
1.60433
1.51785
1.44683
1.38836
1.33398
1.28137
1.23758
1.20481
1.19473
1.21195
1.26391
1.34694
1.46065
1.59383
1.73848
1.8866
2.02956
2.16245
2.28068
2.37488
2.4415
2.47189
2.45523
2.39078
2.28967
2.16558
2.03322
1.91114
1.8101
1.73244
1.68161
1.65129
1.64046
1.64392
1.65449
1.67628
1.7
1.72301
1.74408
1.76043
1.771
1.77832
1.78849
1.80485
1.83393
1.88125
1.94938
2.0302
2.12036
2.20352
2.27407
2.3264
2.36053
2.37823
2.38095
2.37312
2.35647
2.33254
2.30292
2.2737
2.24535
2.22104
2.19788
2.17866
2.16207
2.14843
2.14978
2.16956
2.21259
2.2812
2.36805
2.46286
2.55332
2.62446
2.66473
2.67024
2.6452
2.59967
2.54721
2.50364
2.4745
2.45932
2.45775
2.46255
2.46792
2.46169
2.43852
2.39752
2.33915
2.2668
2.18316
2.09795
2.01406
1.94122
1.88849
1.86102
1.86199
1.89198
1.95136
2.03419
2.13078
2.23445
2.33599
2.42467
2.4899
2.52899
2.53382
2.50011
2.43292
2.33396
2.21947
2.10588
2.00447
1.92745
1.87815
1.84896
1.83408
1.82978
1.83093
1.83881
1.85292
1.86939
1.8856
1.89804
1.90949
1.91811
1.93149
1.95946
2.00183
2.06235
2.13418
2.21002
2.27885
2.33197
2.36506
2.37317
2.36658
2.35531
2.34959
2.35531
2.36938
2.38754
2.40332
2.41441
2.41986
2.42115
2.41921
2.41052
2.3938
2.36151
2.31507
2.25705
2.19315
2.13251
2.07928
2.03856
2.00741
1.99002
1.98754
2.00164
2.03681
2.09787
2.18235
2.2817
2.38276
2.46834
2.52188
2.53816
2.51579
2.46425
2.39837
2.32504
2.2516
2.18353
2.12389
2.07074
2.02412
1.97967
1.93513
1.88826
1.84058
1.79346
1.74689
1.70794
1.67378
1.64429
1.619
1.60175
1.59841
1.60546
1.62662
1.65699
1.69831
1.74908
1.80936
1.87881
1.94176
1.99022
2.01181
2.0056
1.98445
1.96055
1.95017
1.95489
1.97615
2.00624
2.03896
2.07269
2.10633
2.14107
2.17719
2.21237
2.24044
2.25575
2.25898
2.25001
2.234
2.2198
2.21484
2.22548
2.25237
2.29526
2.34467
2.39473
2.4327
2.45284
2.44903
2.42265
2.38129
2.3305
2.28259
2.24914
2.23549
2.24256
2.26587
2.29454
2.31512
2.32345
2.31582
2.3001
2.27398
2.23284
2.16892
2.08048
1.9734
1.8623
1.75641
1.66851
1.60882
1.58462
1.60224
1.65462
1.73622
1.84011
1.9567
2.08235
2.20817
2.32019
2.41036
2.46659
2.48827
2.47178
2.41821
2.33324
2.22388
2.10724
1.99898
1.90692
1.83415
1.78344
1.75734
1.7525
1.77055
1.80788
1.85543
1.90511
1.93901
1.94257
1.90728
1.83305
1.72761
1.60696
1.48779
1.38646
1.31118
1.26881
1.26315
1.29076
1.34558
1.41756
1.49315
1.56133
1.61808
1.66095
1.6937
1.72577
1.75686
1.7882
1.82264
1.85259
1.87841
1.89497
1.9103
1.92591
1.94812
1.9894
2.04373
2.1117
2.18752
2.26131
2.32415
2.36537
2.38108
2.37013
2.3284
2.25887
2.17096
2.07351
1.98353
1.90978
1.86195
1.83924
1.8418
1.86342
1.89907
1.94054
1.98487
2.02645
2.06459
2.10087
2.13144
2.15645
2.16807
2.158
2.12803
2.07402
2.0056
1.93364
1.87123
1.82901
1.81605
1.83246
1.87127
1.92673
1.9894
2.05499
2.12227
2.18738
2.24725
2.29597
2.32327
2.33144
2.3164
2.28425
2.24093
2.19622
2.15489
2.11714
2.0833
2.05162
2.02036
1.98676
1.95036
1.9138
1.8776
1.84506
1.81899
1.79697
1.78124
1.7778
1.789
1.81456
1.86211
1.92334
1.99797
2.08003
2.15977
2.23237
2.30153
2.36485
2.42196
2.46954
2.49819
2.50405
2.48473
2.44199
2.38385
2.3229
2.26687
2.22393
2.20338
2.20281
2.22167
2.24663
2.26405
2.26351
2.23597
2.18039
2.10113
2.0002
1.88812
1.77715
1.679
1.60524
1.5587
1.54205
1.55667
1.60111
1.67459
1.77312
1.89026
2.01043
2.11834
2.19398
2.22483
2.21016
2.16239
2.10009
2.0381
1.98365
1.93854
1.90519
1.88649
1.88526
1.9052
1.95106
2.02277
2.11173
2.21356
2.31544
2.40102
2.45629
2.46811
2.43212
2.35238
2.23593
2.0936
1.94676
1.80275
1.67506
1.56881
1.4858
1.43247
1.41377
1.43437
1.49393
1.58869
1.70816
1.8449
1.99202
2.14038
2.2873
2.42159
2.53471
2.61517
2.65796
2.66334
2.637
2.5855
2.51664
2.43618
2.3459
2.2473
2.14963
2.05917
1.98083
1.92326
1.89003
1.88141
1.90105
1.942
2.00575
2.09125
2.19438
2.30914
2.4282
2.54197
2.6348
2.69506
2.71554
2.69587
2.64661
2.58137
2.50792
2.43655
2.3726
2.32539
2.30032
2.30483
2.33786
2.39191
2.44571
2.46349
2.42494
2.34157
2.24247
2.14942
2.07736
2.02757
2.00011
1.99073
1.99519
2.00795
2.02287
2.03485
2.03908
2.03624
2.02854
2.01624
2.00093
1.99127
1.9897
2.0025
2.03277
2.07874
2.1342
2.19393
2.25236
2.30107
2.33381
2.34063
2.31916
2.27245
2.20935
2.14117
2.07733
2.02331
1.97939
1.94538
1.91558
1.88325
1.85036
1.82031
1.79322
1.77119
1.75699
1.74932
1.74937
1.7562
1.7672
1.78145
1.79736
1.817
1.83844
1.86589
1.89883
1.94134
1.99331
2.05601
2.12023
2.18574
2.24135
2.2767
2.28793
2.26928
2.22487
2.16046
2.0841
1.99481
1.89506
1.78809
1.67633
1.57086
1.48272
1.42177
1.39746
1.41194
1.46056
1.53772
1.63111
1.72653
1.81114
1.87511
1.91243
1.93164
1.94494
1.9673
2.00885
2.07272
2.15487
2.24301
2.32444
2.38528
2.41978
2.42342
2.40394
2.36269
2.30451
2.23566
2.15874
2.08825
2.02444
1.97317
1.92978
1.89592
1.87075
1.85104
1.83432
1.8182
1.80247
1.78819
1.77901
1.78442
1.81264
1.86827
1.94666
2.03794
2.12211
2.18686
2.22047
2.21378
2.1653
2.08148
1.97495
1.85991
1.74258
1.63344
1.53848
1.46393
1.41433
1.40043
1.4261
1.48998
1.59103
1.71116
1.83315
1.93232
1.99862
2.02927
2.03551
2.02567
2.00502
1.97767
1.94926
1.9201
1.89485
1.87518
1.86903
1.87398
1.88554
1.8969
1.90153
1.89927
1.89713
1.90541
1.92377
1.95589
1.9889
2.01579
2.03074
2.03228
2.02678
2.01797
2.01094
2.00857
2.00838
2.0082
2.00752
2.00907
2.01702
2.03225
2.0533
2.08215
2.1084
2.12293
2.11979
2.09234
