   0.0128248           0           0
   0.0384745           0           0
   0.0641241           0           0
   0.0897737           0           0
    0.115423           0           0
    0.141073           0           0
    0.166723           0           0
    0.192372           0           0
    0.218022           0           0
    0.243672           0           0
    0.269321           0           0
    0.294971           0           0
     0.32062           0           0
     0.34627           0           0
     0.37192           0           0
    0.397569           0           0
    0.423219           0           0
    0.448869           0           0
    0.474518           0           0
    0.500168           0           0
    0.525818           0           0
    0.551467           0           0
    0.577117           0           0
    0.602767           0           0
    0.628416           0           0
    0.654066           0           0
    0.679715           0           0
    0.705365           0           0
    0.731015           0           0
    0.756664           0           0
    0.782314           0           0
    0.807964           0           0
    0.833613           0           0
    0.859263 1.45892e-05 1.45527e-05
    0.884913  0.00070613 8.49722e-05
    0.910562   0.0122166 0.000391788
    0.936212   0.0833528  0.00115776
    0.961861    0.279743  0.00220936
    0.987511    0.604272  0.00294682
     1.01316    0.936258  0.00412221
     1.03881     1.17309  0.00338253
     1.06446     1.28045  0.00323147
     1.09011     1.27381  0.00319574
     1.11576      1.2034  0.00299592
     1.14141     1.09989  0.00309902
     1.16706    0.984007  0.00273722
     1.19271    0.873838  0.00272262
     1.21836    0.774678  0.00242008
     1.24401    0.690676  0.00260402
     1.26966    0.620551  0.00198565
     1.29531    0.560995  0.00191116
     1.32096    0.507266  0.00196426
     1.34661    0.467443  0.00176801
     1.37226    0.434659   0.0016388
     1.39791    0.409347  0.00149368
     1.42355    0.384922   0.0014544
      1.4492    0.367497   0.0014035
     1.47485    0.357472  0.00134567
      1.5005    0.348245  0.00127084
     1.52615    0.340553  0.00139849
      1.5518    0.338096  0.00136605
     1.57745    0.335651  0.00143955
      1.6031    0.337809  0.00141632
     1.62875    0.344087  0.00132968
      1.6544    0.350741  0.00120006
     1.68005    0.362607  0.00133251
      1.7057    0.375794  0.00131373
     1.73135    0.392034   0.0013634
       1.757    0.408969  0.00121147
     1.78265    0.427611  0.00139359
      1.8083    0.447968  0.00148656
     1.83395    0.468348  0.00133441
      1.8596    0.488713  0.00144653
     1.88525    0.510992  0.00131047
      1.9109    0.528418  0.00134181
     1.93655    0.547647  0.00129695
      1.9622    0.566055  0.00142095
     1.98785    0.582192   0.0012642
      2.0135    0.592573  0.00125225
     2.03915    0.601551   0.0012373
      2.0648    0.606025  0.00128876
     2.09045    0.605395  0.00126954
      2.1161     0.60313   0.0012764
     2.14174     0.59691  0.00132626
     2.16739    0.587921  0.00140732
     2.19304    0.574387  0.00121101
     2.21869    0.562012  0.00131115
     2.24434    0.547008  0.00126348
     2.26999    0.532694  0.00124953
     2.29564    0.516441  0.00116862
     2.32129    0.504119  0.00113562
     2.34694    0.492671  0.00114995
     2.37259     0.48182  0.00115313
     2.39824    0.472601  0.00115504
     2.42389    0.465366 0.000973775
     2.44954    0.458444 0.000999506
     2.47519    0.452676 0.000991658
     2.50084    0.446802 0.000929411
     2.52649    0.443154  0.00101503
     2.55214    0.443577 0.000943642
