           1      1.3924      1.3924           0
           2      1.8088      1.6006     0.14722
           3     1.13678     1.44599    0.159901
           4     1.14213     1.37003    0.136786
           5     1.42669     1.38136    0.109897
           6     1.28057     1.36456   0.0928563
           7    0.841154     1.28979    0.105485
           8      1.3361     1.29558   0.0924576
           9     1.35252      1.3019   0.0824007
          10     1.25323     1.29704   0.0743043
          11    0.655931     1.23875   0.0874697
          12     1.24198     1.23902   0.0801809
          13     1.36719     1.24888   0.0746168
          14     2.01418     1.30355   0.0870371
          15     1.77352     1.33488   0.0866907
          16     1.17369      1.3248   0.0818558
          17     1.03781     1.30792   0.0787624
          18     1.38586     1.31225   0.0745056
          19     1.39561     1.31664   0.0707133
          20     1.25826     1.31372   0.0672379
          21     1.18138     1.30742   0.0643307
          22    0.892861     1.28857    0.064107
          23     1.24806     1.28681   0.0613439
          24     1.54654     1.29764   0.0597349
          25    0.945838     1.28356   0.0589797
          26     1.06702     1.27523   0.0572962
          27     1.47699     1.28271   0.0556593
          28     1.51062     1.29085   0.0542634
          29     1.48081      1.2974   0.0527861
          30     1.54073     1.30551    0.051646
          31     1.95601     1.32649   0.0540752
          32      1.5311     1.33289    0.052762
          33     1.21153     1.32921   0.0512912
          34     1.11236     1.32283   0.0501776
          35     1.27749     1.32154   0.0487607
          36     1.34685     1.32224   0.0474113
          37     1.64479     1.33096   0.0469245
          38     1.44664       1.334   0.0457883
          39     1.56488     1.33992   0.0449953
          40     1.73299     1.34975   0.0449306
          41     1.38777     1.35067   0.0438443
          42     1.29335     1.34931   0.0428217
          43     1.34638     1.34924   0.0418259
          44     1.60595     1.35508   0.0412802
          45      1.6292     1.36117   0.0408098
          46     1.60687     1.36651   0.0402707
          47     1.90205      1.3779   0.0409942
          48      1.3417     1.37715   0.0401471
          49     1.48938     1.37944   0.0393931
          50    0.923327     1.37032   0.0396474
          51     1.63201     1.37545   0.0392006
          52     1.31261     1.37424   0.0384654
          53     1.12125     1.36947   0.0380346
          54     1.45151     1.37099   0.0373606
          55     1.51368     1.37358   0.0367713
          56     1.74363     1.38019   0.0367036
          57     1.35357     1.37972   0.0360627
          58      1.2474     1.37744    0.035513
          59    0.779957     1.36731   0.0363263
          60     1.12979     1.36335   0.0359359
          61     1.31933     1.36263    0.035354
          62     1.41732     1.36351   0.0347948
          63     1.57375     1.36685   0.0344022
          64     1.70528     1.37214   0.0342686
          65      1.9862     1.38159   0.0350194
          66     1.95688      1.3903    0.035557
          67     1.41528     1.39068   0.0350283
          68     1.08795     1.38622   0.0347949
          69     1.34148     1.38558   0.0342967
          70     1.18376     1.38269   0.0339277
          71     1.65989      1.3866   0.0336737
          72     1.19068     1.38388   0.0333158
          73     1.45525     1.38485   0.0328738
          74     1.47828     1.38612   0.0324537
          75     1.92709     1.39333   0.0328128
          76     1.99217     1.40121   0.0333137
          77     1.19886     1.39858   0.0329845
          78    0.990127     1.39334   0.0329747
          79     1.01247     1.38852   0.0329079
          80     1.69192     1.39232   0.0327143
          81     1.55127     1.39428   0.0323692
          82     1.46625     1.39516   0.0319864
          83     1.33857     1.39447   0.0316083
          84     1.42802     1.39487   0.0312345
          85     1.50067     1.39612   0.0308918
          86     1.34041     1.39547   0.0305394
          87     1.45136     1.39611   0.0301952
          88     1.62391      1.3987   0.0299628
          89      1.5102     1.39995   0.0296523
          90     1.70569     1.40335   0.0295168
          91     1.30966     1.40232   0.0292104
          92     1.03459     1.39832    0.029165
          93     1.34536     1.39775    0.028857
          94     1.67919     1.40075   0.0287049
          95     1.69954     1.40389   0.0285745
          96     1.79694     1.40799   0.0285687
          97     1.73574     1.41137   0.0284733
          98     1.89311     1.41628   0.0286039
          99     1.45366     1.41666   0.0283175
         100    0.952234     1.41202   0.0284126
         101     1.31158     1.41102   0.0281487
         102     1.52863     1.41217   0.0278963
         103     1.68317     1.41481   0.0277493
         104     1.64071     1.41698   0.0275674
         105     1.38419     1.41667   0.0273066
         106     1.65439     1.41891   0.0271409
         107     2.03697     1.42468   0.0274951
         108     2.08596     1.43081   0.0279139
         109     1.49959     1.43144    0.027665
         110      1.1263     1.42866   0.0275522
         111    0.971586     1.42455     0.02761
         112    0.983037      1.4206   0.0276434
         113     1.19637     1.41862   0.0274699
         114     1.18141     1.41654   0.0273077
         115     1.40723     1.41646   0.0270703
         116     1.43201     1.41659   0.0268373
         117     1.59223     1.41809   0.0266499
         118     1.97607     1.42282   0.0268402
         119     2.01601     1.42781   0.0270736
         120     1.75408     1.43053   0.0269842
         121     1.34696     1.42984     0.02677
         122     1.26884     1.42852   0.0265831
         123     1.42716      1.4285    0.026367
         124    0.817178     1.42357   0.0266113
         125      1.1536     1.42141   0.0264859
         126     1.74283     1.42397   0.0263982
         127     1.23818      1.4225   0.0262309
         128     1.23244     1.42102   0.0260679
         129     1.10281     1.41855   0.0259823
         130     1.69758      1.4207   0.0258709
         131     1.78742      1.4235   0.0258245
         132     1.85471     1.42676   0.0258346
         133     1.31676     1.42594   0.0256536
         134     1.02222     1.42292   0.0256385
         135    0.986693     1.41969   0.0256514
         136    0.837879     1.41541    0.025817
         137     1.32573     1.41476   0.0256369
         138     1.64117      1.4164   0.0255036
         139     1.40384     1.41631   0.0253202
         140     1.43786     1.41646   0.0251399
         141      1.3459     1.41596   0.0249665
         142     1.55502     1.41694   0.0248099
         143     1.27946     1.41598    0.024655
         144    0.972511      1.4129   0.0246754
         145    0.978245      1.4099   0.0246866
         146     1.41703     1.40995   0.0245176
         147     1.47432     1.41039   0.0243547
         148     1.49952     1.41099   0.0241976
         149    0.964218     1.40799   0.0242203
         150     1.45658     1.40832    0.024061
         151     1.49641      1.4089   0.0239087
         152     1.50753     1.40955   0.0237602
         153     1.36852     1.40928   0.0236064
         154     1.47169     1.40969   0.0234566
         155     1.60365     1.41094   0.0233387
         156     1.73703     1.41303   0.0232825
         157     1.36885     1.41275   0.0231359
         158     1.76478     1.41498   0.0230965
         159     1.34146     1.41451   0.0229558
         160     1.36399      1.4142   0.0228145
         161     1.57106     1.41517   0.0226936
         162     1.58588     1.41623    0.022578
         163     1.27134     1.41534    0.022457
         164     1.64096     1.41671   0.0223621
         165     1.69257     1.41838    0.022289
         166     1.85679     1.42103   0.0223107
         167     1.78956     1.42323   0.0222859
         168     1.24639     1.42218   0.0221781
         169     1.21166     1.42093   0.0220819
         170     1.63671      1.4222   0.0219884
         171     1.50558     1.42269   0.0218652
         172     1.74818     1.42458   0.0218198
         173     1.28668     1.42379   0.0217083
         174     1.40861      1.4237   0.0215837
         175     1.46947     1.42396   0.0214619
         176     1.29175     1.42321   0.0213531
         177     1.33794     1.42273   0.0212379
         178     1.12058     1.42103   0.0211863
         179     1.86797     1.42353   0.0212146
         180     1.63117     1.42468   0.0211281
         181     1.68014     1.42609   0.0210584
         182     1.76956     1.42798   0.0210271
         183     1.72923     1.42963   0.0209766
         184     1.54772     1.43027   0.0208724
         185     1.54649      1.4309    0.020769
         186    0.980266     1.42847   0.0207982
         187     1.31339     1.42786   0.0206961
         188    0.688084     1.42392   0.0209567
         189    0.891434     1.42111   0.0210344
         190     1.19029     1.41989   0.0209587
         191     1.30353     1.41928   0.0208578
         192     1.24023     1.41835     0.02077
         193      1.5379     1.41897   0.0206717
         194     1.49122     1.41934   0.0205685
         195     1.61436     1.42034   0.0204873
         196     1.39681     1.42022   0.0203831
         197      1.2816     1.41952   0.0202918
         198     1.50689     1.41996   0.0201941
         199     1.19925     1.41885    0.020123
         200     1.23149     1.41791   0.0200442
