           1     -5.4805     -5.4805           0
           2    -5.39454    -5.43752   0.0303913
           3    -5.50744    -5.46083   0.0277955
           4    -5.51302    -5.47388   0.0237117
           5    -5.46188    -5.47148   0.0190904
           6    -5.50153    -5.47649   0.0165525
           7    -5.56312    -5.48886   0.0182372
           8    -5.45176    -5.48422   0.0165367
           9    -5.45139    -5.48058   0.0150963
          10    -5.48845    -5.48136   0.0136072
          11    -5.60686    -5.49277   0.0164725
          12    -5.48298    -5.49196     0.01512
          13    -5.47376    -5.49056   0.0140216
          14    -5.36648    -5.48169    0.015571
          15    -5.40826     -5.4768   0.0152832
          16    -5.51061    -5.47891   0.0144734
          17     -5.5375    -5.48236   0.0140264
          18    -5.45602    -5.48089   0.0133233
          19    -5.45899    -5.47974   0.0126718
          20    -5.48069    -5.47979   0.0120383
          21    -5.48713    -5.48014   0.0114701
          22    -5.54092     -5.4829   0.0112766
          23    -5.48926    -5.48318   0.0107897
          24    -5.41724    -5.48043   0.0106842
          25    -5.55143    -5.48327   0.0106276
          26     -5.5241    -5.48484   0.0103342
          27    -5.45568    -5.48376   0.0100078
          28    -5.46446    -5.48307  0.00967404
          29     -5.4375     -5.4815  0.00946724
          30    -5.46086    -5.48081  0.00917664
          31    -5.36753    -5.47716  0.00958067
          32    -5.42691    -5.47559  0.00940909
          33     -5.5051    -5.47648  0.00916637
          34    -5.50462    -5.47731  0.00893406
          35    -5.48938    -5.47765  0.00868545
          36     -5.4755    -5.47759  0.00844439
          37    -5.42794    -5.47625  0.00832213
          38    -5.45244    -5.47562  0.00812669
          39    -5.42415    -5.47431  0.00802476
          40    -5.37347    -5.47178  0.00821055
          41     -5.4583    -5.47146  0.00801687
          42    -5.49243    -5.47195  0.00784153
          43    -5.48807    -5.47233  0.00766811
          44    -5.39381    -5.47055  0.00769869
          45     -5.4077    -5.46915  0.00765324
          46    -5.42338    -5.46815  0.00755125
          47    -5.34424    -5.46552  0.00783733
          48    -5.45732    -5.46535  0.00767591
          49    -5.45229    -5.46508  0.00752388
          50    -5.56512    -5.46708  0.00763482
          51    -5.42028    -5.46616  0.00754007
          52    -5.48883     -5.4666  0.00740765
          53     -5.5137    -5.46749  0.00732099
          54    -5.45005    -5.46716  0.00719254
          55    -5.43011    -5.46649  0.00709325
          56    -5.39231    -5.46517  0.00708921
          57    -5.50557    -5.46588  0.00700019
          58     -5.5144    -5.46671   0.0069293
          59    -5.56396    -5.46836  0.00700515
          60    -5.49527    -5.46881  0.00690274
          61    -5.43238    -5.46821  0.00681536
          62    -5.44244     -5.4678  0.00671809
          63    -5.44451    -5.46743  0.00662162
          64    -5.42311    -5.46673  0.00655426
          65    -5.38022     -5.4654  0.00658717
          66    -5.36866    -5.46394  0.00664845
          67     -5.4656    -5.46396  0.00654926
          68    -5.52601    -5.46487  0.00651622
          69    -5.44633    -5.46461  0.00642732
          70    -5.50112    -5.46513  0.00635663
          71    -5.40701    -5.46431  0.00631958
          72    -5.50077    -5.46482  0.00625207
          73    -5.44392    -5.46453  0.00617297
          74    -5.44398    -5.46425  0.00609579
          75    -5.36122    -5.46288  0.00616737
          76    -5.36054    -5.46153  0.00623148
          77    -5.49715    -5.46199   0.0061677
          78    -5.53628    -5.46295  0.00616173
          79    -5.53132    -5.46381  0.00614422
          80    -5.43973    -5.46351  0.00607479
          81    -5.44862    -5.46333  0.00600257
          82    -5.44641    -5.46312  0.00593292
          83    -5.44134    -5.46286  0.00586724
          84    -5.44324    -5.46262  0.00580204
          85    -5.41977    -5.46212  0.00575564
          86    -5.45175      -5.462  0.00568998
          87    -5.43071    -5.46164  0.00563593
          88    -5.42273     -5.4612   0.0055892
          89    -5.44094    -5.46097  0.00553103
          90    -5.39893    -5.46028  0.00551237
          91    -5.44865    -5.46015  0.00545327
          92    -5.52321    -5.46084   0.0054369
          93    -5.48658    -5.46112  0.00538548
          94    -5.42042    -5.46068  0.00534556
          95    -5.39448    -5.45999  0.00533452
          96    -5.39045    -5.45926  0.00532789
          97    -5.42614    -5.45892  0.00528389
          98     -5.3824    -5.45814  0.00528735
          99    -5.44744    -5.45803  0.00523505
         100    -5.54399    -5.45889  0.00525279
         101    -5.48085    -5.45911  0.00520528
         102    -5.45649    -5.45908  0.00515431
         103    -5.42322    -5.45873  0.00511602
         104    -5.41499    -5.45831  0.00508409
         105    -5.47397    -5.45846  0.00503785
         106    -5.43819    -5.45827  0.00499395
         107    -5.35326    -5.45729  0.00504279
         108    -5.35939    -5.45638  0.00507691
         109    -5.42772    -5.45612  0.00503714
         110     -5.5157    -5.45666  0.00502038
         111    -5.51918    -5.45723  0.00500665
         112    -5.55106    -5.45806  0.00503156
         113    -5.52067    -5.45862  0.00501744
         114    -5.50549    -5.45903  0.00499025
         115    -5.43819    -5.45885  0.00495014
         116    -5.43884    -5.45867  0.00491047
         117    -5.42393    -5.45838  0.00487748
         118    -5.36253    -5.45757  0.00490331
         119    -5.32468    -5.45645  0.00498764
         120    -5.40262      -5.456  0.00496621
         121    -5.48327    -5.45623  0.00493028
         122    -5.48015    -5.45642  0.00489377
         123    -5.49675    -5.45675  0.00486495
         124    -5.61639    -5.45804  0.00499317
         125    -5.53246    -5.45863  0.00498859
         126    -5.41396    -5.45828  0.00496158
         127     -5.5025    -5.45863  0.00493471
         128    -5.48678    -5.45885  0.00490106
         129    -5.53452    -5.45943  0.00489805
         130     -5.3948    -5.45893  0.00488554
         131    -5.38068    -5.45834  0.00488463
         132    -5.39992     -5.4579  0.00486763
         133    -5.48772    -5.45812  0.00483619
         134    -5.52207     -5.4586   0.0048236
         135    -5.52931    -5.45912  0.00481622
         136    -5.55495    -5.45982  0.00483208
         137    -5.47826    -5.45996  0.00479868
         138    -5.44025    -5.45982  0.00476603
         139    -5.46603    -5.45986  0.00473195
         140    -5.44865    -5.45978  0.00469883
         141    -5.45037    -5.45971  0.00466598
         142    -5.42003    -5.45944  0.00464148
         143    -5.49353    -5.45967  0.00461514
         144    -5.54361    -5.46026  0.00461976
         145    -5.53589    -5.46078  0.00461726
         146    -5.45372    -5.46073  0.00458588
         147    -5.43067    -5.46053  0.00455924
         148    -5.43531    -5.46035  0.00453162
         149    -5.53273    -5.46084  0.00452717
         150    -5.43353    -5.46066  0.00450065
         151    -5.45146     -5.4606  0.00447125
         152    -5.42719    -5.46038  0.00444723
         153    -5.46192    -5.46039  0.00441818
         154    -5.44954    -5.46032  0.00439005
         155    -5.40381    -5.45995  0.00437684
         156    -5.40002    -5.45957  0.00436561
         157     -5.4811    -5.45971  0.00433996
         158     -5.3894    -5.45926  0.00433524
         159    -5.50423    -5.45954  0.00431719
         160    -5.44912    -5.45948   0.0042907
         161    -5.40944    -5.45917  0.00427529
         162     -5.4379    -5.45904  0.00425091
         163     -5.4909    -5.45923  0.00422933
         164    -5.45141    -5.45918  0.00420381
         165    -5.43094    -5.45901  0.00418181
         166    -5.40241    -5.45867   0.0041705
         167    -5.42974     -5.4585  0.00414912
         168    -5.51948    -5.45886  0.00414028
         169    -5.51148    -5.45917  0.00412747
         170    -5.40896    -5.45888  0.00411375
         171    -5.42785     -5.4587  0.00409369
         172    -5.39609    -5.45833  0.00408603
         173    -5.47126    -5.45841   0.0040631
         174    -5.45339    -5.45838  0.00403985
         175    -5.45521    -5.45836  0.00401681
         176    -5.47763    -5.45847  0.00399547
         177    -5.47414    -5.45856  0.00397388
         178    -5.52814    -5.45895  0.00397073
         179    -5.36156    -5.45841  0.00398565
         180    -5.42973    -5.45825  0.00396669
         181    -5.40587    -5.45796  0.00395532
         182    -5.41841    -5.45774  0.00393955
         183    -5.42102    -5.45754  0.00392313
         184    -5.43957    -5.45744  0.00390302
         185    -5.43778    -5.45733  0.00388337
         186    -5.55335    -5.45785  0.00389665
         187    -5.47797    -5.45796  0.00387729
         188    -5.58967    -5.45866  0.00391946
         189     -5.5716    -5.45926  0.00394401
         190    -5.49631    -5.45945  0.00392807
         191    -5.47859    -5.45955  0.00390878
         192     -5.4867    -5.45969  0.00389098
         193    -5.42105    -5.45949  0.00387597
         194    -5.44215     -5.4594  0.00385702
         195    -5.40698    -5.45913   0.0038466
         196    -5.46029    -5.45914  0.00382698
         197    -5.47245    -5.45921  0.00380815
         198    -5.43711     -5.4591  0.00379055
         199    -5.50593    -5.45933  0.00377881
         200     -5.4784    -5.45943  0.00376111
