0   23.6573
1   26.0337
2   32.1141
3   33.1333
4   28.4413
5   26.8503
6   32.186
7   26.8408
8   31.5782
9   27.4311
10   27.0154
11   30.5239
12   27.6048
13   27.2735
14   23.5547
15   28.0682
16   29.1969
17   28.488
18   26.5581
19   27.2295
20   26.6535
21   30.7819
22   29.5277
23   28.7446
24   29.8732
25   25.4436
26   31.2753
27   26.6424
28   27.2264
29   33.0438
30   25.1839
31   28.2953
32   29.2977
33   28.5847
34   26.5491
35   26.9656
36   24.8353
37   26.4321
38   25.8755
39   29.8033
40   24.6765
41   29.9632
42   27.3109
43   29.8127
44   26.4779
45   31.5597
46   29.8539
47   27.5715
48   29.1895
49   29.6562
50   29.2126
51   29.7789
52   31.7404
53   32.7209
54   28.541
55   27.7305
56   28.2591
57   27.1019
58   27.0451
59   28.4881
60   28.0356
61   30.8644
62   29.3259
63   30.0013
64   23.5918
65   25.2098
66   26.3654
67   27.5044
68   26.263
69   27.3545
70   31.3718
71   25.4316
72   24.8934
73   27.4388
74   27.8691
75   28.0377
76   26.283
77   25.9089
78   32.6197
79   27.5985
80   29.3572
81   20.5196
82   30.7359
83   29.8319
84   25.7357
85   29.8253
86   29.7143
87   26.2023
88   25.0036
89   25.9972
90   30.0423
91   25.6486
92   26.9201
93   31.0056
94   23.6515
95   28.9868
96   29.9468
97   29.3723
98   29.4499
99   30.6597
100   23.4568
101   28.6405
102   27.1543
103   28.3321
104   27.0028
105   31.5809
106   25.9881
107   28.1988
108   27.5382
109   27.444
110   28.9907
111   27.7408
112   27.7297
113   26.6013
114   27.6081
115   26.5454
116   31.2983
117   29.4016
118   27.3291
119   28.2391
120   22.4873
121   27.1405
122   26.4597
123   29.2538
124   29.6726
125   22.6499
126   31.7344
127   29.9655
128   25.0045
129   26.5185
130   31.1244
131   30.2503
132   30.4333
133   26.2227
134   24.0558
135   28.2748
136   31.2843
137   30.6343
138   27.0051
139   29.6857
140   26.7579
141   31.9674
142   25.0559
143   30.9434
144   26.4231
145   26.6877
146   26.4138
147   27.5329
148   23.3647
149   25.8041
150   32.695
151   26.4975
152   26.9974
153   29.2382
154   29.321
155   31.3764
156   27.357
157   26.8425
158   26.4571
159   27.8199
160   26.8257
161   25.2615
162   28.3212
163   28.5922
164   28.9338
165   24.1899
166   31.285
167   29.3383
168   30.4537
169   29.8934
170   29.3879
171   27.3142
172   24.1261
173   25.0367
174   29.3695
175   29.6648
176   28.5167
177   25.8338
178   25.2922
179   29.4901
180   27.2359
181   25.1098
182   29.5211
183   23.2664
184   25.3568
185   27.2934
186   26.3532
187   23.2064
188   30.8022
189   27.8189
190   28.4595
191   32.291
192   28.3792
193   25.418
194   29.445
195   26.8187
196   29.9755
197   28.5888
198   25.4731
199   24.8379
200   27.7813
201   31.1944
202   28.9655
203   30.0752
204   27.6639
205   29.4698
206   27.5105
207   26.5098
208   24.4577
209   28.3147
210   28.6934
211   27.0868
212   26.6142
213   31.1704
214   30.6985
215   23.0313
216   26.4218
217   21.3235
218   25.7809
219   28.2596
220   27.5802
221   25.3679
222   24.1197
223   26.8031
224   25.3758
225   26.6283
226   26.8367
227   30.5082
228   32.8349
229   27.1626
230   27.6287
231   24.7382
232   24.8109
233   29.4855
234   25.3333
235   25.877
236   27.378
237   25.7858
238   29.9084
239   27.826
240   24.1955
241   25.6443
242   30.6243
243   29.0447
244   27.8794
245   21.4981
246   25.5087
247   24.3345
248   25.0792
249   26.6419
250   28.194
251   29.3375
252   27.7235
253   24.476
254   24.3759
255   25.018
256   26.8393
257   27.465
258   25.8332
259   24.3241
260   23.6092
261   26.4649
262   27.3909
263   26.8883
264   21.9036
265   27.1925
266   27.1718
267   26.7728
268   25.3149
269   26.5383
270   29.9269
271   29.1278
272   28.9806
273   25.8333
274   27.4669
275   23.7061
276   25.4606
277   31.8606
278   26.9467
279   26.0142
280   26.1897
281   30.1764
282   24.0383
283   29.3956
284   25.8763
285   24.5077
286   32.6019
287   31.9828
288   29.7011
289   29.6906
290   28.0292
291   26.5364
292   27.3105
293   28.4401
294   23.7543
295   26.0068
296   28.4054
297   29.7484
298   27.5928
299   27.1411
300   25.4966
301   29.6423
302   24.1053
303   25.0962
304   22.6569
305   27.6409
306   26.5357
307   25.5467
308   28.7533
309   26.9841
310   29.5262
311   24.3256
312   27.0612
313   28.12
314   33.0616
315   23.7403
316   30.1488
317   28.0451
318   23.626
319   25.6634
320   28.2924
321   25.929
322   29.5163
323   25.747
324   22.2644
325   25.6958
326   28.6154
327   27.7148
328   27.8897
329   24.076
330   25.9057
331   30.4354
332   25.4835
333   26.1227
334   26.382
335   25.8483
336   31.7127
337   28.8065
338   28.2953
339   28.3052
340   25.0917
341   26.7983
342   24.4759
343   22.7752
344   25.4511
345   29.8198
346   28.0229
347   27.021
348   28.8158
349   27.4372
350   26.3554
351   24.8765
352   29.6947
353   25.9568
354   28.2057
355   27.7288
356   24.1039
357   27.0024
358   23.6932
359   24.6446
360   21.0504
361   28.2603
362   26.1613
363   25.7157
364   30.7299
365   25.1623
366   26.408
367   25.7088
368   28.4884
369   28.529
370   24.997
371   26.8709
372   25.2628
373   25.9706
374   20.876
375   24.2714
376   26.0611
377   25.7632
378   27.0509
379   19.9779
380   25.6454
381   24.8084
382   25.2478
383   27.3294
384   27.2629
385   27.3497
386   28.0186
387   32.8226
388   28.4332
389   26.7199
390   27.2343
391   27.2576
392   26.8508
393   29.5735
394   25.0579
395   27.0474
396   25.0402
397   26.6226
398   25.1099
399   24.9593
400   25.5532
401   25.2421
402   27.7977
403   25.564
404   26.4572
405   28.3032
406   27.5995
407   25.6329
408   26.7025
409   26.5554
410   23.4298
411   25.39
412   25.7491
413   24.1596
414   23.8591
415   25.132
416   25.4827
417   25.5834
418   25.2801
419   22.0537
420   22.4761
421   24.5975
422   26.7249
423   26.8782
424   23.7646
425   24.8829
426   27.3997
427   24.8983
428   25.7578
429   26.6225
430   27.997
431   25.4254
432   23.6335
433   23.0116
434   25.2419
435   26.4856
436   26.7893
437   27.9396
438   23.3694
439   24.2548
440   23.5851
441   22.6681
442   25.8728
443   23.3879
444   23.8841
445   26.069
446   23.3147
447   23.8249
448   24.2925
449   24.2912
450   29.6681
451   27.775
452   28.3708
453   25.0143
454   29.7343
455   23.8219
456   23.8021
457   25.0358
458   20.9218
459   23.2286
460   26.2429
461   25.6713
462   29.0294
463   26.6142
464   25.3543
465   29.4932
466   23.2665
467   29.4249
468   26.5375
469   25.998
470   27.1639
471   21.5555
472   23.9178
473   23.0029
474   26.6184
475   24.1971
476   22.9679
477   21.7046
478   21.8858
479   26.8167
480   29.4617
481   24.3359
482   27.1664
483   20.3648
484   24.3413
485   27.6687
486   19.4729
487   28.7232
488   24.3693
489   26.6555
490   29.9308
491   22.7053
492   27.4824
493   23.5452
494   28.2493
495   22.8479
496   25.7759
497   23.1598
498   23.8455
499   25.1761
500   27.2069
501   25.351
502   24.8714
503   21.4582
504   23.0884
505   21.9714
506   29.403
507   24.3273
508   24.3789
509   22.5707
510   23.855
511   22.3921
512   24.5394
513   25.0814
514   23.8498
515   26.1068
516   23.0347
517   26.486
518   24.5721
519   26.0498
520   23.299
521   27.7328
522   21.46
523   29.5437
524   29.706
525   27.2185
526   24.4856
527   28.4508
528   21.9008
529   23.6731
530   23.2442
531   25.8276
532   26.2489
533   25.1288
534   24.5195
535   26.9892
536   22.1999
537   22.0563
538   23.4594
539   23.3409
540   23.851
541   26.4327
542   22.6495
543   24.9231
544   26.2624
545   22.0545
546   21.755
547   25.1451
548   24.1919
549   22.4791
550   23.1534
551   20.8057
552   25.5276
553   21.0077
554   25.4809
555   28.6398
556   24.7808
557   25.947
558   22.1255
559   19.3422
560   25.406
561   24.6133
562   22.1606
563   23.2303
564   22.2515
565   23.3104
566   21.2496
567   19.8818
568   25.8237
569   22.808
570   22.4858
571   26.5336
572   27.1889
573   28.8141
574   27.4986
575   23.5969
576   21.9271
577   21.3659
578   22.2707
579   25.7931
580   25.0835
581   24.4523
582   22.6313
583   26.2725
584   28.9131
585   22.8442
586   21.5293
587   22.3719
588   25.0028
589   21.2749
590   24.4868
591   28.5499
592   23.5693
593   19.2455
594   24.203
595   24.1943
596   23.9415
597   23.4699
598   27.7734
599   25.7056
600   26.021
601   23.8376
602   19.6443
603   21.2185
604   23.2724
605   22.508
606   21.1494
607   23.5145
608   22.6607
609   25.0039
610   24.3325
611   23.5815
612   23.2142
613   25.495
614   22.6554
615   21.8478
616   21.7355
617   21.6707
618   22.7247
619   22.539
620   20.016
621   21.6209
622   19.555
623   22.8628
624   21.1748
625   23.4787
626   25.001
627   22.161
628   19.0748
629   21.0872
630   24.3169
631   24.0088
632   23.0403
633   21.1399
634   22.5969
635   25.6734
636   21.5731
637   17.0367
638   22.0663
639   22.0413
640   20.4727
641   21.8335
642   24.5238
643   21.1089
644   21.5717
645   21.66
646   23.7404
647   24.7296
648   24.0334
649   21.7444
650   22.2389
651   27.0368
652   24.5956
653   25.1219
654   21.4012
655   21.1793
656   20.4371
657   24.2714
658   22.5522
659   21.7854
660   21.1945
661   26.0918
662   21.5734
663   20.846
664   21.186
665   21.5436
666   20.8666
667   22.098
668   22.7564
669   20.7344
670   18.634
671   23.2698
672   24.9986
673   24.8619
674   27.2987
675   26.2338
676   21.3517
677   21.6967
678   23.5933
679   20.4043
680   22.1515
681   21.2128
682   20.5525
683   21.5953
684   20.1444
685   21.3052
686   18.6051
687   19.4735
688   20.9317
689   18.914
690   22.3293
691   19.9439
692   22.0023
693   26.194
694   24.6162
695   23.4084
696   21.3699
697   21.6906
698   20.0489
699   22.051
700   22.8483
701   19.3135
702   17.3174
703   19.7329
704   20.3505
705   21.5424
706   20.1151
707   22.8126
708   19.5684
709   21.0815
710   21.1172
711   23.9874
712   20.4656
713   20.0655
714   19.2254
715   19.8641
716   19.8924
717   19.5154
718   20.444
719   19.5014
720   21.0295
721   21.3338
722   22.7233
723   20.6767
724   22.0154
725   18.1895
726   15.9406
727   21.2055
728   22.7826
729   19.8341
730   18.0673
731   21.1065
732   18.6925
733   18.1228
734   19.3851
735   20.5147
736   19.6355
737   21.0665
738   18.8636
739   19.6513
740   17.8456
741   19.2605
742   23.4052
743   23.6052
744   23.2875
745   20.9371
746   20.0544
747   19.5596
748   21.2943
749   17.976
750   17.8328
751   20.1498
752   20.4775
753   20.993
754   19.5439
755   17.7654
756   16.7858
757   15.5543
758   15.7801
759   14.2749
760   16.2683
761   17.6344
762   21.9654
763   18.361
764   19.2463
765   20.9745
766   20.0883
767   21.2849
768   21.0726
769   19.3465
770   17.254
771   17.1555
772   17.2916
773   16.4849
774   19.347
775   18.0437
776   17.8168
777   20.2111
778   19.3806
779   17.2971
780   16.7022
781   16.9722
782   16.92
783   19.0288
784   18.8098
785   18.6681
786   16.6135
787   16.6678
788   17.3419
789   17.2985
790   16.7688
791   16.9033
792   19.3026
793   20.5746
794   18.5778
795   20.6433
796   16.6306
797   16.9976
798   16.067
799   17.3611
800   18.9542
801   18.9818
802   19.616
803   19.181
804   19.9818
805   16.2674
806   17.5353
807   19.2524
808   19.8855
809   19.8252
810   19.2899
811   17.0549
812   16.4897
813   15.8547
814   15.8932
815   16.4367
816   15.2604
817   17.3968
818   14.7211
819   15.3893
820   15.0514
821   12.9863
822   13.5342
823   14.3781
824   15.934
825   16.8149
826   16.8725
827   14.1447
828   13.4694
829   14.1169
830   15.266
831   14.2077
832   13.507
833   14.2918
834   14.3617
835   14.9665
836   15.4295
837   14.5774
838   14.7256
839   15.235
840   14.4722
841   14.4923
842   14.2261
843   14.6181
844   14.5904
845   15.2173
846   14.2565
847   15.7412
848   15.5542
849   13.9153
850   13.0279
851   14.2471
852   13.4565
853   13.0891
854   13.1433
855   12.7771
856   13.9967
857   14.2052
858   14.585
859   13.4182
860   13.7837
861   15.3625
862   15.7228
863   15.0766
864   15.0766
865   15.2367
866   15.2581
867   15.2071
868   15.3355
869   15.5502
870   16.9905
871   17.0579
872   15.8183
873   16.0263
874   15.9385
875   15.8457
876   16.6111
877   15.5444
878   15.6953
879   15.4337
880   15.8121
881   17.089
882   15.5289
883   15.0813
884   15.3932
885   15.5624
886   15.7161
887   16.0527
888   15.3342
889   15.3239
890   15.8379
891   15.2943
892   16.1386
893   15.2283
894   14.9531
895   15.0822
896   14.2105
897   14.0535
898   13.9121
899   14.5251
900   14.7678
901   14.9968
902   14.3431
903   13.6672
904   12.8776
905   12.8776
906   12.2468
907   12.1608
908   12.1182
909   12.3854
910   12.479
911   12.5247
912   12.8527
913   12.6595
914   13.0025
915   13.09
916   13.09
917   13.2472
918   13.314
919   12.7041
920   12.2668
921   12.1532
922   11.9481
923   12.5525
924   12.9849
925   12.8863
926   12.6502
927   12.8464
928   12.8207
929   13.0914
930   13.3318
931   13.0225
932   12.3322
933   12.4124
934   13.0474
935   13.4286
936   12.8983
937   13.1191
938   13.0022
939   12.7195
940   12.7195
941   12.4443
942   12.534
943   12.3638
944   12.3715
945   12.6569
946   12.5576
947   12.2419
948   12.2419
949   12.1482
950   12.1468
951   11.9134
952   12.0787
953   12.0787
954   12.0787
955   12.0787
956   11.0974
957   10.9412
958   10.9615
959   10.8635
960   10.8635
961   10.7515
962   10.7312
963   10.8426
964   10.6532
965   10.6158
966   10.4566
967   10.4566
968   10.4566
969   10.4566
970   10.494
971   10.4814
972   10.4814
973   10.4814
974   10.4814
975   10.5708
976   10.5708
977   10.408
978   10.408
979   10.4122
980   10.4122
981   10.4122
982   10.4122
983   10.4122
984   10.4122
985   10.3747
986   10.3747
987   10.2811
988   10.2374
989   10.2374
990   10.236
991   10.236
992   10.236
993   10.236
994   10.236
995   10.236
996   10.236
997   10.236
998   10.236
999   10.236
