   0.0115332           0           0
   0.0345996           0           0
   0.0576661           0           0
   0.0807325           0           0
    0.103799           0           0
    0.126865           0           0
    0.149932           0           0
    0.172998           0           0
    0.196065           0           0
    0.219131           0           0
    0.242198           0           0
    0.265264           0           0
     0.28833           0           0
    0.311397           0           0
    0.334463           0           0
     0.35753           0           0
    0.380596           0           0
    0.403663           0           0
    0.426729           0           0
    0.449795           0           0
    0.472862           0           0
    0.495928           0           0
    0.518995           0           0
    0.542061           0           0
    0.565128           0           0
    0.588194           0           0
     0.61126           0           0
    0.634327           0           0
    0.657393           0           0
     0.68046           0           0
    0.703526           0           0
    0.726593           0           0
    0.749659           0           0
    0.772725           0           0
    0.795792           0           0
    0.818858           0           0
    0.841925           0           0
    0.864991           0           0
    0.888058 3.68203e-05  1.5403e-05
    0.911124  0.00185392 0.000144288
     0.93419   0.0237907 0.000511306
    0.957257    0.145391     0.00152
    0.980323    0.501057  0.00296388
     1.00339     1.12039   0.0036096
     1.02646     1.81066  0.00353527
     1.04952     2.30369  0.00399812
     1.07259     2.45307    0.004976
     1.09566     2.25124  0.00530442
     1.11872     1.82979  0.00445761
     1.14179     1.35094  0.00323456
     1.16485    0.910186  0.00230622
     1.18792    0.566308  0.00185176
     1.21099    0.324753  0.00180311
     1.23405    0.174588  0.00151294
     1.25712   0.0893007  0.00116314
     1.28019   0.0431772 0.000863347
     1.30325   0.0245515 0.000651616
     1.32632   0.0210935 0.000594353
     1.34939    0.029973 0.000639053
     1.37245   0.0525598 0.000793405
     1.39552   0.0926879 0.000936764
     1.41859     0.14963  0.00107967
     1.44165    0.226667 0.000968626
     1.46472    0.314856   0.0009962
     1.48778    0.399397  0.00129185
     1.51085    0.461641  0.00170683
     1.53392    0.485945  0.00196871
     1.55698    0.461928  0.00166619
     1.58005    0.403845  0.00134741
     1.60312    0.320057  0.00105302
     1.62618    0.232253 0.000826846
     1.64925    0.158745 0.000976993
     1.67232    0.109588  0.00112563
     1.69538   0.0963677  0.00126273
     1.71845    0.127454  0.00149311
     1.74152    0.215771  0.00183298
     1.76458    0.373288  0.00190952
     1.78765    0.596234  0.00176718
     1.81071    0.861699  0.00152235
     1.83378     1.11798   0.0020081
     1.85685     1.30246  0.00321221
     1.87991     1.36357  0.00366961
     1.90298     1.28047  0.00342911
     1.92605     1.09181  0.00239377
     1.94911    0.845272  0.00122958
     1.97218    0.598305  0.00132128
     1.99525    0.398468  0.00164124
     2.01831    0.269504  0.00195917
     2.04138    0.215471  0.00177814
     2.06445    0.229486  0.00161568
     2.08751    0.292115  0.00118183
     2.11058    0.378933 0.000874339
     2.13364    0.459862 0.000986056
     2.15671    0.509154  0.00129222
     2.17978    0.514533  0.00152537
     2.20284     0.46067  0.00124798
     2.22591    0.390812 0.000715553
     2.24898    0.325699 0.000998406
     2.27204    0.285481  0.00155038
     2.29511    0.286406   0.0017711
