           1    -7.51049    -7.51049           0
           2    -7.46037    -7.48543   0.0177206
           3    -7.57102    -7.51396   0.0261191
           4    -7.58091     -7.5307   0.0243683
           5    -7.48983    -7.52252   0.0208204
           6    -7.50205    -7.51911   0.0176277
           7    -7.48736    -7.51458   0.0156823
           8     -7.4952    -7.51215   0.0139077
           9    -7.54938    -7.51629   0.0129628
          10    -7.60347    -7.52501    0.014301
          11    -7.54479    -7.52681   0.0131135
          12    -7.45777    -7.52105   0.0132224
          13    -7.41907    -7.51321   0.0143449
          14    -7.50541    -7.51265   0.0133311
          15    -7.54945    -7.51511   0.0126661
          16    -7.50957    -7.51476   0.0118792
          17    -7.49546    -7.51362   0.0112345
          18    -7.58817    -7.51777   0.0113481
          19    -7.64533    -7.52448   0.0125811
          20    -7.60538    -7.52852   0.0125855
          21    -7.51668    -7.52796   0.0119988
          22    -7.58441    -7.53053   0.0117245
          23    -7.48828    -7.52869   0.0113578
          24    -7.56256     -7.5301   0.0109719
          25     -7.6136    -7.53344   0.0110296
          26    -7.50049    -7.53217    0.010678
          27     -7.5609    -7.53324   0.0103354
          28    -7.55935    -7.53417   0.0100082
          29    -7.52907    -7.53399  0.00966468
          30    -7.59002    -7.53586  0.00952125
          31     -7.5581    -7.53658  0.00924109
          32    -7.56711    -7.53753  0.00900142
          33    -7.54305     -7.5377   0.0087302
          34    -7.61463    -7.53996  0.00876172
          35    -7.58236    -7.54117  0.00859471
          36     -7.4707    -7.53922  0.00857601
          37    -7.41838    -7.53595  0.00894452
          38    -7.49222     -7.5348  0.00878287
          39    -7.46493    -7.53301  0.00873849
          40    -7.55324    -7.53351  0.00853465
          41    -7.58179    -7.53469  0.00840731
          42    -7.50151     -7.5339  0.00824418
          43     -7.4703    -7.53242  0.00818405
          44    -7.51522    -7.53203  0.00800739
          45    -7.56814    -7.53283  0.00786956
          46    -7.52216     -7.5326   0.0077019
          47    -7.60474    -7.53414  0.00768946
          48    -7.56229    -7.53472  0.00755161
          49    -7.63914    -7.53685  0.00769226
          50    -7.65165    -7.53915  0.00787361
          51    -7.49278    -7.53824  0.00777155
          52    -7.47288    -7.53698  0.00772308
          53    -7.57814    -7.53776  0.00761629
          54    -7.58979    -7.53872  0.00753595
          55    -7.57503    -7.53938  0.00742778
          56     -7.5818    -7.54014  0.00733367
          57    -7.58893      -7.541  0.00725478
          58    -7.63228    -7.54257  0.00729843
          59    -7.64143    -7.54425  0.00736457
          60    -7.53878    -7.54416  0.00724239
          61    -7.48919    -7.54325   0.0071795
          62    -7.49159    -7.54242  0.00711189
          63    -7.51852    -7.54204  0.00700912
          64    -7.57824    -7.54261  0.00692238
          65     -7.5546    -7.54279  0.00681834
          66    -7.55028    -7.54291  0.00671598
          67    -7.65434    -7.54457  0.00681856
          68    -7.59986    -7.54538   0.0067666
          69    -7.55955    -7.54559  0.00667165
          70    -7.54653     -7.5456  0.00657635
          71    -7.49138    -7.54484  0.00652792
          72    -7.52193    -7.54452    0.006445
          73    -7.50197    -7.54394  0.00638301
          74     -7.4724    -7.54297  0.00636955
          75      -7.483    -7.54217  0.00633461
          76    -7.55237     -7.5423  0.00625268
          77    -7.57225    -7.54269  0.00618356
          78    -7.52915    -7.54252  0.00610671
          79    -7.63054    -7.54363  0.00613022
          80    -7.49319      -7.543  0.00608593
          81    -7.63786    -7.54417  0.00612243
          82    -7.59397    -7.54478   0.0060778
          83    -7.63264    -7.54584  0.00609605
          84    -7.53588    -7.54572  0.00602463
          85    -7.56823    -7.54599  0.00595957
          86     -7.5737    -7.54631  0.00589898
          87    -7.61169    -7.54706  0.00587886
          88     -7.5067     -7.5466  0.00582991
          89    -7.52259    -7.54633  0.00577065
          90    -7.52394    -7.54608  0.00571189
          91     -7.5116     -7.5457  0.00566168
          92    -7.52697     -7.5455  0.00560379
          93    -7.52751    -7.54531  0.00554688
          94    -7.54322    -7.54528  0.00548791
          95    -7.54007    -7.54523  0.00543042
          96    -7.51619    -7.54493  0.00538227
          97    -7.56326    -7.54512   0.0053301
          98    -7.57696    -7.54544  0.00528561
          99    -7.55529    -7.54554  0.00523316
         100    -7.59332    -7.54602  0.00520259
         101     -7.5201    -7.54576  0.00515741
         102    -7.60024     -7.5463  0.00513443
         103    -7.56854    -7.54651  0.00508912
         104    -7.48575    -7.54593  0.00507361
         105    -7.49117    -7.54541  0.00505202
         106    -7.56624     -7.5456  0.00500818
         107    -7.46878    -7.54488  0.00501258
         108    -7.51517    -7.54461  0.00497371
         109    -7.59224    -7.54505  0.00494724
         110    -7.62871    -7.54581  0.00496038
         111    -7.51616    -7.54554  0.00492287
         112    -7.56828    -7.54574   0.0048831
         113    -7.58381    -7.54608   0.0048515
         114    -7.62218    -7.54675  0.00485466
         115     -7.5422    -7.54671   0.0048126
         116    -7.52966    -7.54656  0.00477336
         117    -7.48883    -7.54607    0.004758
         118    -7.46212    -7.54536  0.00477056
         119    -7.51094    -7.54507  0.00473923
         120    -7.55003    -7.54511  0.00469992
         121    -7.56025    -7.54523  0.00466274
         122    -7.51553    -7.54499  0.00463087
         123    -7.59173    -7.54537  0.00460879
         124    -7.56715    -7.54555  0.00457497
         125    -7.56307    -7.54569  0.00454051
         126    -7.61366    -7.54622  0.00453642
         127    -7.60389    -7.54668  0.00452337
         128    -7.55064    -7.54671  0.00448814
         129    -7.52543    -7.54654  0.00445637
         130    -7.53186    -7.54643  0.00442353
         131    -7.52716    -7.54628   0.0043922
         132    -7.61478     -7.5468  0.00438948
         133    -7.62535    -7.54739  0.00439602
         134    -7.57654    -7.54761  0.00436859
         135    -7.60778    -7.54806  0.00435891
         136    -7.56541    -7.54819  0.00432873
         137    -7.65858    -7.54899  0.00437149
         138     -7.5928    -7.54931  0.00435132
         139    -7.52986    -7.54917  0.00432227
         140    -7.56697     -7.5493  0.00429327
         141    -7.60867    -7.54972  0.00428342
         142    -7.55091    -7.54973  0.00425326
         143    -7.49075    -7.54931  0.00424346
         144    -7.55295    -7.54934  0.00421407
         145    -7.58123    -7.54956  0.00419074
         146    -7.57176    -7.54971  0.00416479
         147     -7.6624    -7.55048  0.00420642
         148    -7.55355     -7.5505  0.00417805
         149    -7.54974    -7.55049  0.00415001
         150    -7.57905    -7.55068  0.00412671
         151    -7.50942    -7.55041  0.00410842
         152    -7.55389    -7.55043  0.00408145
         153    -7.54635    -7.55041  0.00405486
         154    -7.48981    -7.55001  0.00404758
         155    -7.58806    -7.55026   0.0040289
         156    -7.51856    -7.55005  0.00400819
         157    -7.55576    -7.55009  0.00398283
         158    -7.55376    -7.55011  0.00395769
         159    -7.50948    -7.54986  0.00394104
         160    -7.52388     -7.5497  0.00391975
         161    -7.62215    -7.55015  0.00392115
         162    -7.53304    -7.55004  0.00389837
         163     -7.5403    -7.54998  0.00387491
         164    -7.54312    -7.54994  0.00385151
         165    -7.58368    -7.55014  0.00383359
         166    -7.49493    -7.54981   0.0038249
         167    -7.49021    -7.54945  0.00381861
         168    -7.54026     -7.5494  0.00379628
         169    -7.46901    -7.54892   0.0038035
         170    -7.46435    -7.54843  0.00381352
         171    -7.48032    -7.54803  0.00381196
         172    -7.60661    -7.54837  0.00380498
         173    -7.53499    -7.54829  0.00378378
         174    -7.56856    -7.54841  0.00376382
         175    -7.49725    -7.54812  0.00375365
         176    -7.62414    -7.54855  0.00375709
         177    -7.54027     -7.5485  0.00373616
         178    -7.51936    -7.54834  0.00371875
         179    -7.57924    -7.54851  0.00370198
         180    -7.60237    -7.54881  0.00369349
         181    -7.55422    -7.54884  0.00367321
         182     -7.5204    -7.54868  0.00365634
         183    -7.58714    -7.54889   0.0036424
         184    -7.59195    -7.54913  0.00363011
         185    -7.58426    -7.54932  0.00361545
         186    -7.57378    -7.54945  0.00359841
         187    -7.58393    -7.54963  0.00358389
         188    -7.59097    -7.54985  0.00357156
         189    -7.61101    -7.55018  0.00356729
         190     -7.5634    -7.55025   0.0035492
         191    -7.57703    -7.55039  0.00353338
         192    -7.49589     -7.5501  0.00352636
         193    -7.52455    -7.54997  0.00351057
         194    -7.55871    -7.55001  0.00349277
         195    -7.56831    -7.55011  0.00347611
         196    -7.47342    -7.54972  0.00348033
         197    -7.54447    -7.54969  0.00346277
         198    -7.51893    -7.54953  0.00344876
         199    -7.58794    -7.54973  0.00343683
         200    -7.53499    -7.54965  0.00342043
