           1     7.79686     7.79686           0
           2     8.06929     7.93307   0.0963203
           3     7.46831     7.77815    0.141859
           4     7.40587     7.68508    0.133477
           5     7.88349     7.72476    0.112526
           6     7.84559      7.7449   0.0955565
           7     7.92295     7.77034   0.0852236
           8     7.85502     7.78092   0.0752252
           9     7.54597     7.75482   0.0712529
          10     7.28483     7.70782   0.0781046
          11     7.61193      7.6991    0.071489
          12     8.08433      7.7312   0.0723813
          13     8.29934     7.77491   0.0789116
          14     7.83499      7.7792   0.0733917
          15     7.57279     7.76544    0.069777
          16     7.80116     7.76767   0.0654517
          17     7.84545     7.77224   0.0617613
          18     7.36735     7.74975   0.0622919
          19     7.03964     7.71238   0.0693246
          20     7.25581     7.68955   0.0695154
          21     7.73934     7.69192   0.0662456
          22     7.37839     7.67767   0.0647492
          23      7.9135     7.68792   0.0627407
          24      7.5065     7.68036   0.0605801
          25     7.22895     7.66231   0.0607884
          26     7.87043     7.67031   0.0589751
          27     7.53426     7.66527   0.0570057
          28     7.53014     7.66045   0.0551737
          29     7.67028     7.66078   0.0532722
          30     7.35108     7.65046   0.0524871
          31     7.53136     7.64662   0.0509344
          32     7.48277      7.6415   0.0495994
          33     7.59128     7.63998   0.0481197
          34     7.23721     7.62813   0.0481405
          35     7.38148     7.62108   0.0472781
          36     7.99338     7.63143   0.0470823
          37     8.31532     7.64991   0.0493046
          38     7.88578     7.65612   0.0483963
          39     8.05893     7.66645   0.0482449
          40     7.58173     7.66433   0.0470852
          41      7.4006     7.65789   0.0463741
          42     7.83312     7.66207   0.0454572
          43     8.02038      7.6704   0.0451574
          44     7.74719     7.67215   0.0441648
          45     7.48612     7.66801   0.0433764
          46     7.73581     7.66949   0.0424584
          47     7.27298     7.66105   0.0423849
          48     7.50885     7.65788   0.0416203
          49     7.09168     7.64632   0.0423446
          50     7.01211     7.63364   0.0433559
          51     7.90158     7.63889   0.0428229
          52     8.02061     7.64623   0.0426239
          53     7.43847     7.64231   0.0419996
          54     7.36816     7.63724   0.0415275
          55     7.43706      7.6336   0.0409316
          56     7.39135     7.62927   0.0404287
          57     7.36919     7.62471    0.039976
          58     7.11893     7.61599   0.0402267
          59     7.08658     7.60701   0.0405333
          60      7.6282     7.60737   0.0398593
          61     7.91785     7.61246   0.0395295
          62     7.87251     7.61665   0.0391138
          63     7.76626     7.61903    0.038565
          64     7.43137     7.61609   0.0380737
          65     7.54822     7.61505   0.0375022
          66     7.56597     7.61431   0.0369414
          67     7.00208     7.60517   0.0375031
          68     7.31669     7.60093   0.0371908
          69     7.51733     7.59972   0.0366715
          70     7.58294     7.59948   0.0361484
          71     7.88557      7.6035   0.0358632
          72     7.71791     7.60509   0.0354003
          73     7.85816     7.60856   0.0350847
          74     7.98644     7.61367   0.0349802
          75     7.93273     7.61792   0.0347715
          76     7.56418     7.61721   0.0343212
          77     7.45852     7.61515   0.0339373
          78      7.6832     7.61603   0.0335134
          79     7.12167     7.60977   0.0336683
          80     7.88478     7.61321   0.0334225
          81     7.09483     7.60681    0.033617
          82     7.32682     7.60339     0.03338
          83     7.11793     7.59754   0.0334863
          84     7.67066     7.59841    0.033099
          85     7.44039     7.59655   0.0327618
          86     7.43313     7.59465   0.0324359
          87     7.23108     7.59047   0.0323311
          88     7.79163     7.59276   0.0320444
          89     7.70458     7.59402    0.031709
          90     7.69864     7.59518    0.031378
          91      7.7836     7.59725   0.0311014
          92     7.69623     7.59833    0.030782
          93     7.71574     7.59959   0.0304768
          94     7.61119     7.59971   0.0301529
          95     7.64402     7.60018   0.0298391
          96     7.76002     7.60184   0.0295747
          97     7.51422     7.60094   0.0292836
          98     7.43239     7.59922   0.0290352
          99     7.53453     7.59857   0.0287493
         100     7.31027     7.59568    0.028606
         101     7.73392     7.59705   0.0283555
         102     7.32862     7.59442   0.0281994
         103     7.47307     7.59324   0.0279502
         104     7.94917     7.59666   0.0278902
         105      7.8983     7.59954   0.0277721
         106     7.47934      7.5984   0.0275332
         107     7.99704     7.60213   0.0275268
         108     7.78709     7.60384   0.0273252
         109      7.3353     7.60138   0.0271853
         110     7.15318      7.5973   0.0272418
         111     7.77109     7.59887   0.0270413
         112     7.47913      7.5978    0.026821
         113      7.3923     7.59598   0.0266453
         114     7.15577     7.59212   0.0266899
         115     7.61279      7.5923   0.0264584
         116     7.69695      7.5932   0.0262457
         117     7.91776     7.59598   0.0261675
         118     8.05953      7.5999    0.026239
         119     7.78951      7.6015   0.0260668
         120      7.5836     7.60135     0.02585
         121       7.508     7.60058   0.0256479
         122     7.76108     7.60189   0.0254714
         123     7.34353     7.59979   0.0253508
         124     7.45914     7.59866   0.0251717
         125     7.47378     7.59766   0.0249901
         126      7.2099     7.59458   0.0249806
         127     7.30539      7.5923   0.0248874
         128     7.56185     7.59207   0.0246941
         129     7.69217     7.59284   0.0245149
         130      7.6693     7.59343   0.0243334
         131     7.68471     7.59413   0.0241576
         132     7.19428      7.5911   0.0241638
         133     7.16351     7.58788    0.024195
         134     7.42331     7.58665   0.0240456
         135     7.26601     7.58428   0.0239845
         136     7.47638     7.58349   0.0238213
         137     6.97842     7.57907   0.0240533
         138     7.34206     7.57735   0.0239403
         139     7.69152     7.57817   0.0237821
         140     7.46973      7.5774   0.0236249
         141     7.25427     7.57511   0.0235682
         142      7.5839     7.57517   0.0234023
         143     7.89463      7.5774    0.023345
         144     7.55776     7.57727   0.0231833
         145      7.4001     7.57604   0.0230556
         146     7.45523     7.57522   0.0229125
         147     6.95337     7.57099   0.0231439
         148      7.5457     7.57082   0.0229881
         149     7.57737     7.57086   0.0228339
         150     7.44888     7.57005   0.0226961
         151     7.79013      7.5715   0.0225926
         152     7.54658     7.57134   0.0224446
         153     7.57462     7.57136   0.0222979
         154     7.92447     7.57365   0.0222707
         155     7.36373      7.5723   0.0221681
         156     7.75159     7.57345   0.0220558
         157      7.5403     7.57324   0.0219163
         158      7.5422     7.57304   0.0217785
         159     7.79819     7.57446   0.0216875
         160     7.71832     7.57536   0.0215706
         161     7.18733     7.57295   0.0215708
         162     7.67451     7.57357   0.0214468
         163     7.62083     7.57386   0.0213172
         164      7.5805      7.5739   0.0211872
         165     7.35932      7.5726   0.0210987
         166     7.87721     7.57444   0.0210512
         167     7.91074     7.57645   0.0210213
         168     7.61949     7.57671   0.0208977
         169     8.00484     7.57924    0.020927
         170     8.05241     7.58203   0.0209882
         171     7.93516     7.58409   0.0209668
         172     7.26997     7.58226   0.0209243
         173     7.65816      7.5827    0.020808
         174     7.47499     7.58208   0.0206976
         175     7.85671     7.58365   0.0206387
         176      7.1396     7.58113   0.0206751
         177     7.62597     7.58138   0.0205598
         178     7.73027     7.58222   0.0204613
         179     7.41805      7.5813   0.0203676
         180     7.27641     7.57961   0.0203247
         181      7.5678     7.57954   0.0202125
         182     7.73983     7.58042   0.0201207
         183     7.36446     7.57924   0.0200453
         184     7.34237     7.57796   0.0199777
         185     7.38684     7.57692   0.0198964
         186     7.45033     7.57624    0.019801
         187     7.36497     7.57511   0.0197273
         188     7.35805     7.57396   0.0196562
         189     7.23961     7.57219   0.0196316
         190     7.49319     7.57177   0.0195327
         191     7.44228      7.5711   0.0194422
         192     7.87323     7.57267   0.0194045
         193     7.71416      7.5734   0.0193178
         194     7.53629     7.57321   0.0192192
         195     7.48727     7.57277   0.0191257
         196     7.99546     7.57493   0.0191493
         197     7.61564     7.57513   0.0190532
         198     7.77455     7.57614   0.0189836
         199      7.3589     7.57505   0.0189195
         200     7.64706     7.57541   0.0188284
