           1   -0.398942   -0.398942           0
           2   -0.369489   -0.384215   0.0104129
           3   -0.428248   -0.398893   0.0138496
           4   -0.412002    -0.40217    0.010768
           5   -0.404502   -0.402637  0.00862447
           6   -0.443349   -0.409422  0.00948796
           7    -0.40699   -0.409075  0.00813889
           8   -0.391484   -0.406876  0.00741259
           9   -0.398145   -0.405906  0.00665215
          10   -0.401072   -0.405422  0.00600447
          11   -0.426408    -0.40733  0.00575371
          12   -0.440773   -0.410117  0.00591078
          13    -0.41079   -0.410169  0.00545633
          14   -0.423146   -0.411096  0.00514472
          15    -0.44591   -0.413417  0.00529947
          16   -0.430483   -0.414483  0.00507447
          17   -0.395364   -0.413359  0.00489902
          18   -0.396165   -0.412403  0.00471905
          19   -0.411939   -0.412379  0.00447074
          20   -0.406399    -0.41208  0.00425719
          21   -0.430146    -0.41294  0.00414048
          22    -0.42166   -0.413337  0.00397121
          23   -0.439733   -0.414484  0.00396091
          24   -0.429398   -0.415106  0.00384431
          25   -0.382321   -0.413794  0.00390781
          26   -0.399505   -0.413245  0.00379596
          27    -0.42809   -0.413795  0.00369498
          28   -0.403671   -0.413433  0.00358066
          29   -0.397147   -0.412871  0.00350095
          30   -0.434938   -0.413607  0.00346066
          31   -0.396226   -0.413046  0.00339414
          32     -0.4708   -0.414851  0.00373724
          33   -0.418763    -0.41497  0.00362587
          34   -0.371511   -0.413691  0.00373773
          35   -0.442261   -0.414508  0.00371901
          36   -0.391091   -0.413857  0.00367214
          37   -0.411911   -0.413805  0.00357327
          38   -0.420416   -0.413979  0.00348347
          39   -0.404402   -0.413733   0.0034028
          40    -0.42541   -0.414025  0.00333023
          41   -0.415469    -0.41406  0.00324919
          42   -0.388851    -0.41346  0.00322679
          43   -0.425476   -0.413739  0.00316382
          44   -0.415069    -0.41377  0.00309206
          45   -0.500128   -0.415689  0.00356954
          46   -0.403578   -0.415425  0.00350164
          47    -0.42234   -0.415573  0.00343023
          48   -0.418535   -0.415634  0.00335932
          49   -0.384465   -0.414998  0.00335045
          50   -0.398749   -0.414673  0.00329916
          51   -0.412713   -0.414635   0.0032347
          52   -0.470585   -0.415711  0.00334666
          53   -0.434766    -0.41607  0.00330277
          54    -0.51243   -0.417855  0.00369233
          55   -0.426003   -0.418003  0.00362816
          56   -0.434723   -0.418301  0.00357564
          57   -0.402861   -0.418031  0.00352315
          58   -0.405508   -0.417815  0.00346902
          59   -0.420973   -0.417868  0.00341064
          60   -0.386843   -0.417351  0.00339276
          61   -0.398683   -0.417045  0.00335092
          62     -0.4252   -0.417177  0.00329945
          63   -0.422836   -0.417266   0.0032483
          64   -0.404261   -0.417063   0.0032039
          65   -0.444317   -0.417483  0.00318192
          66   -0.390457   -0.417073  0.00315995
          67    -0.39715   -0.416776  0.00312675
          68   -0.380283   -0.416239  0.00312648
          69    -0.42701   -0.416395  0.00308506
          70   -0.372771   -0.415772   0.0031033
          71   -0.458971    -0.41638  0.00311866
          72   -0.410453   -0.416298  0.00307644
          73   -0.399612   -0.416069  0.00304277
          74    -0.41825   -0.416099   0.0030018
          75   -0.395669   -0.415827  0.00297411
          76   -0.422235   -0.415911  0.00293617
          77   -0.416736   -0.415922  0.00289806
          78   -0.418584   -0.415956   0.0028611
          79   -0.386259    -0.41558  0.00284947
          80   -0.364673   -0.414943  0.00288403
          81   -0.375833   -0.414461  0.00288856
          82   -0.373144   -0.413957  0.00289695
          83   -0.424566   -0.414085  0.00286486
          84   -0.419248   -0.414146  0.00283142
          85   -0.437026   -0.414415  0.00281087
          86    -0.44256   -0.414742  0.00279717
          87   -0.433854   -0.414962  0.00277364
          88   -0.443926   -0.415291  0.00276158
          89   -0.413762   -0.415274   0.0027306
          90   -0.446886   -0.415625  0.00272276
          91    -0.38825   -0.415325   0.0027094
          92   -0.431852   -0.415504   0.0026859
          93   -0.407208   -0.415415   0.0026585
          94   -0.413051    -0.41539  0.00263034
          95   -0.418415   -0.415422  0.00260285
          96   -0.399342   -0.415254  0.00258112
          97   -0.460631   -0.415722  0.00259655
          98   -0.382438   -0.415382  0.00259218
          99   -0.386882   -0.415094  0.00258193
         100   -0.394887   -0.414892    0.002564
         101   -0.418699    -0.41493   0.0025389
         102   -0.437868   -0.415155  0.00252394
         103   -0.412787   -0.415132  0.00249954
         104   -0.391079   -0.414901  0.00248619
         105   -0.394125   -0.414703  0.00247037
         106   -0.408533   -0.414645  0.00244775
         107    -0.43666    -0.41485  0.00243351
         108   -0.425524   -0.414949  0.00241298
         109   -0.385342   -0.414678  0.00240608
         110   -0.401501   -0.414558  0.00238719
         111   -0.492051   -0.415256  0.00246566
         112    -0.41217   -0.415228   0.0024438
         113   -0.389594   -0.415002  0.00243268
         114   -0.429864   -0.415132  0.00241483
         115     -0.3792   -0.414819  0.00241396
         116   -0.428849    -0.41494  0.00239618
         117   -0.459419   -0.415321  0.00240566
         118   -0.470417   -0.415787  0.00243017
         119   -0.376592   -0.415458  0.00243196
         120   -0.409745    -0.41541  0.00241216
         121   -0.379289   -0.415112  0.00241063
         122   -0.387461   -0.414885   0.0024015
         123   -0.405724   -0.414811  0.00238313
         124   -0.406949   -0.414747  0.00236476
         125   -0.410417   -0.414713  0.00234609
         126   -0.388931   -0.414508  0.00233638
         127   -0.411686   -0.414486  0.00231809
         128   -0.433139   -0.414632  0.00230455
         129   -0.442619   -0.414849  0.00229688
         130   -0.435234   -0.415005  0.00228456
         131   -0.430702   -0.415125  0.00227026
         132   -0.435859   -0.415282  0.00225848
         133   -0.423262   -0.415342   0.0022423
         134   -0.408245   -0.415289  0.00222619
         135    -0.44067   -0.415477  0.00221763
         136   -0.377332   -0.415197  0.00221899
         137   -0.384784   -0.414975  0.00221387
         138   -0.385838   -0.414764  0.00220787
         139   -0.381213   -0.414522  0.00220514
         140   -0.438765   -0.414696  0.00219618
         141    -0.44094   -0.414882  0.00218847
         142   -0.459928   -0.415199  0.00219593
         143   -0.412246   -0.415178  0.00218068
         144   -0.391074   -0.415011  0.00217195
         145   -0.379695   -0.414767  0.00217058
         146   -0.434933   -0.414905   0.0021601
         147   -0.483578   -0.415373  0.00219535
         148    -0.42664   -0.415449  0.00218183
         149   -0.399145   -0.415339  0.00216993
         150   -0.415022   -0.415337  0.00215547
         151   -0.369105   -0.415031  0.00216283
         152   -0.393441   -0.414889  0.00215326
         153   -0.457388   -0.415167  0.00215703
         154   -0.404671   -0.415099  0.00214409
         155   -0.407153   -0.415047  0.00213087
         156   -0.401468    -0.41496  0.00211899
         157    -0.42134   -0.415001  0.00210589
         158   -0.375278   -0.414749  0.00210751
         159   -0.396383   -0.414634  0.00209742
         160   -0.397961    -0.41453   0.0020869
         161   -0.383814   -0.414339  0.00208264
         162   -0.441257   -0.414505   0.0020764
         163    -0.44335   -0.414682  0.00207119
         164   -0.424558   -0.414742  0.00205943
         165     -0.3792   -0.414527  0.00205819
         166   -0.428737   -0.414613  0.00204757
         167   -0.376185   -0.414382   0.0020482
         168   -0.399194   -0.414292    0.002038
         169    -0.45583   -0.414538  0.00204071
         170   -0.389401    -0.41439  0.00203405
         171   -0.406978   -0.414347  0.00202262
         172   -0.393616   -0.414226  0.00201445
         173   -0.398618   -0.414136  0.00200482
         174   -0.411762   -0.414122  0.00199335
         175   -0.427195   -0.414197  0.00198336
         176   -0.432805   -0.414303   0.0019749
         177   -0.416556   -0.414315  0.00196379
         178   -0.434307   -0.414428  0.00195596
         179   -0.407405   -0.414388  0.00194543
         180   -0.456862   -0.414624  0.00194888
         181   -0.462663    -0.41489   0.0019561
         182   -0.409099   -0.414858  0.00194561
         183   -0.412726   -0.414846  0.00193501
         184   -0.429745   -0.414927  0.00192619
         185   -0.397434   -0.414833   0.0019181
         186   -0.428756   -0.414908  0.00190925
         187   -0.424082   -0.414957  0.00189967
         188   -0.354334   -0.414634  0.00191674
         189   -0.385767   -0.414481  0.00191267
         190   -0.435816   -0.414594   0.0019059
         191   -0.473461   -0.414902  0.00192068
         192   -0.434403   -0.415004  0.00191336
         193   -0.423557   -0.415048  0.00190396
         194   -0.420314   -0.415075  0.00189434
         195   -0.378943    -0.41489  0.00189366
         196   -0.417304   -0.414902  0.00188404
         197   -0.441386   -0.415036  0.00187927
         198   -0.435453    -0.41514   0.0018726
         199   -0.416032   -0.415144   0.0018632
         200    -0.42547   -0.415196   0.0018546
