           1   0.0493143   0.0493143           0
           2   0.0558103   0.0525623   0.0022967
           3    0.048887   0.0513372  0.00182893
           4   0.0473479   0.0503399  0.00162097
           5   0.0478445   0.0498408  0.00137145
           6   0.0462837   0.0492479  0.00126454
           7   0.0511899   0.0495254  0.00111391
           8    0.052258    0.049867  0.00102571
           9    0.049063   0.0497776 0.000915621
          10   0.0489526   0.0496951 0.000827767
          11   0.0492473   0.0496544 0.000753516
          12   0.0454011      0.0493 0.000769582
          13   0.0474353   0.0491565 0.000723627
          14   0.0460073   0.0489316 0.000706038
          15   0.0482402   0.0488855 0.000660472
          16   0.0513031   0.0490366 0.000636243
          17   0.0524996   0.0492403 0.000630585
          18   0.0508667   0.0493307 0.000601991
          19   0.0473944   0.0492287 0.000578868
          20    0.050671   0.0493009 0.000554399
          21   0.0482131   0.0492491 0.000530413
          22   0.0474641   0.0491679 0.000512471
          23    0.048984   0.0491599 0.000490252
          24   0.0462418   0.0490383 0.000484668
          25   0.0496137   0.0490614 0.000465828
          26   0.0516886   0.0491624  0.00045874
          27   0.0531773   0.0493111 0.000465226
          28   0.0493795   0.0493135 0.000448617
          29   0.0478638   0.0492636 0.000435924
          30   0.0482696   0.0492304 0.000422651
          31   0.0513204   0.0492978 0.000414359
          32   0.0458519   0.0491902 0.000415168
          33   0.0480316    0.049155 0.000404068
          34   0.0513704   0.0492202 0.000397403
          35   0.0445186   0.0490859 0.000408121
          36   0.0494059   0.0490948 0.000396881
          37    0.050319   0.0491279 0.000387532
          38   0.0488475   0.0491205 0.000377404
          39   0.0480536   0.0490931 0.000368717
          40   0.0507013   0.0491333 0.000361684
          41   0.0540635   0.0492536 0.000372316
          42   0.0444737   0.0491398 0.000380447
          43   0.0433779   0.0490058 0.000394492
          44   0.0478504   0.0489795 0.000386399
          45   0.0480428   0.0489587 0.000378373
          46   0.0474755   0.0489265 0.000371519
          47    0.045239    0.048848 0.000371806
          48   0.0469572   0.0488086  0.00036614
          49     0.04827   0.0487976 0.000358833
          50   0.0477043   0.0487757 0.000352322
          51    0.048446   0.0487693 0.000345473
          52   0.0463997   0.0487237 0.000341822
          53   0.0487444   0.0487241 0.000335372
          54   0.0449413    0.048654 0.000336398
          55   0.0513255   0.0487026  0.00033377
          56   0.0492341   0.0487121 0.000327945
          57   0.0495886   0.0487275 0.000322552
          58   0.0486334   0.0487259 0.000316995
          59    0.049078   0.0487318 0.000311678
          60   0.0465752   0.0486959 0.000308549
          61   0.0513083   0.0487387 0.000306448
          62   0.0473162   0.0487158 0.000302363
          63   0.0509799   0.0487517 0.000299692
          64   0.0469498   0.0487236 0.000296329
          65    0.048964   0.0487273 0.000291793
          66   0.0478378   0.0487138 0.000287683
          67   0.0514119   0.0487541 0.000286194
          68   0.0489317   0.0487567 0.000281997
          69   0.0506541   0.0487842 0.000279248
          70   0.0492073   0.0487902 0.000275324
          71   0.0523294   0.0488401 0.000275922
          72   0.0528143   0.0488953 0.000277556
          73   0.0503967   0.0489158 0.000274515
          74   0.0490066    0.048917 0.000270808
          75   0.0525363   0.0489653 0.000271463
          76   0.0540372    0.049032 0.000275972
          77   0.0507646   0.0490545 0.000273303
          78   0.0493786   0.0490587 0.000269831
          79   0.0515439   0.0490902 0.000268243
          80   0.0519733   0.0491262   0.0002673
          81   0.0520961   0.0491629 0.000266503
          82   0.0489606   0.0491604 0.000263264
          83   0.0458158   0.0491201 0.000263158
          84    0.048492   0.0491126 0.000260132
          85   0.0461647   0.0490779 0.000259373
          86    0.045963   0.0490417 0.000258874
          87   0.0526003   0.0490826 0.000259109
          88    0.044912   0.0490352 0.000260463
          89   0.0492009   0.0490371 0.000257543
          90   0.0491778   0.0490387 0.000254686
          91   0.0477368   0.0490243 0.000252289
          92   0.0471703   0.0490042  0.00025035
          93   0.0476231   0.0489893 0.000248099
          94   0.0461945   0.0489596 0.000247234
          95   0.0477744   0.0489471 0.000244947
          96    0.047061   0.0489275 0.000243182
          97    0.047482   0.0489126 0.000241131
          98   0.0470267   0.0488933 0.000239437
          99   0.0552744   0.0489578 0.000245541
         100   0.0478136   0.0489464 0.000243352
         101   0.0474461   0.0489315 0.000241395
         102   0.0507627   0.0489495 0.000239695
         103   0.0520157   0.0489792  0.00023921
         104   0.0526743   0.0490148 0.000239534
         105   0.0510208   0.0490339 0.000238013
         106   0.0443407   0.0489896  0.00023985
         107   0.0485634   0.0489856 0.000237642
         108    0.051054   0.0490048 0.000236212
         109   0.0511019    0.049024 0.000234827
         110   0.0507421   0.0490396 0.000233211
         111   0.0485206   0.0490349 0.000231157
         112   0.0487819   0.0490327 0.000229104
         113   0.0486175    0.049029 0.000227106
         114   0.0508114   0.0490446 0.000225652
         115   0.0490518   0.0490447 0.000223689
         116   0.0499259   0.0490523  0.00022189
         117   0.0476452   0.0490403 0.000220319
         118   0.0484738   0.0490355 0.000218504
         119   0.0502773   0.0490459 0.000216917
         120   0.0453655   0.0490152 0.000217267
         121   0.0533303   0.0490509 0.000218378
         122   0.0508035   0.0490653  0.00021706
         123   0.0489701   0.0490645 0.000215297
         124   0.0489167   0.0490633 0.000213564
         125   0.0476743   0.0490522 0.000212144
         126   0.0509901   0.0490676 0.000211018
         127   0.0522755   0.0490928 0.000210862
         128   0.0474166   0.0490797 0.000209621
         129   0.0461314   0.0490569 0.000209239
         130   0.0451089   0.0490265 0.000209821
         131   0.0469573   0.0490107 0.000208813
         132    0.048999   0.0490106 0.000207232
         133   0.0489414   0.0490101 0.000205674
         134   0.0479548   0.0490022  0.00020429
         135   0.0493149   0.0490045  0.00020279
         136   0.0484109   0.0490002 0.000201346
         137   0.0492193   0.0490018 0.000199882
         138   0.0530407    0.049031 0.000200565
         139   0.0459728    0.049009 0.000200325
         140   0.0490089    0.049009 0.000198894
         141   0.0468045   0.0489934 0.000198097
         142   0.0494497   0.0489966 0.000196728
         143   0.0535324   0.0490283 0.000197893
         144   0.0486564   0.0490258 0.000196536
         145    0.054141    0.049061 0.000198321
         146   0.0493318   0.0490629 0.000196972
         147   0.0461466    0.049043 0.000196628
         148   0.0496924   0.0490474 0.000195349
         149   0.0497401   0.0490521 0.000194093
         150   0.0517559   0.0490701 0.000193634
         151     0.05226   0.0490912 0.000193501
         152   0.0480506   0.0490844 0.000192349
         153   0.0466215   0.0490683 0.000191764
         154   0.0487503   0.0490662  0.00019053
         155   0.0465154   0.0490498  0.00019001
         156   0.0499276   0.0490554 0.000188875
         157   0.0501087   0.0490621 0.000187791
         158   0.0522272   0.0490821 0.000187668
         159   0.0484122   0.0490779 0.000186535
         160   0.0472789   0.0490667 0.000185708
         161   0.0487043   0.0490644 0.000184568
         162   0.0490293   0.0490642 0.000183429
         163   0.0465197   0.0490486 0.000182967
         164   0.0517782   0.0490652 0.000182606
         165    0.051379   0.0490793 0.000182037
         166   0.0509213   0.0490904 0.000181279
         167   0.0491899    0.049091 0.000180194
         168   0.0474849   0.0490814 0.000179375
         169   0.0450061   0.0490573 0.000179927
         170   0.0531299   0.0490812 0.000180457
         171   0.0499227   0.0490862 0.000179468
         172    0.048513   0.0490828 0.000178456
         173   0.0475147   0.0490738 0.000177654
         174   0.0471781   0.0490629 0.000176967
         175   0.0490435   0.0490628 0.000175956
         176   0.0457677    0.049044 0.000175949
         177   0.0522717   0.0490623 0.000175898
         178   0.0478736   0.0490556 0.000175036
         179   0.0510054   0.0490665 0.000174397
         180   0.0466855   0.0490533 0.000173929
         181   0.0476829   0.0490457 0.000173133
         182   0.0497569   0.0490496 0.000172226
         183   0.0524693   0.0490683 0.000172295
         184   0.0502089   0.0490745  0.00017147
         185   0.0471079   0.0490639 0.000170873
         186   0.0485162   0.0490609 0.000169979
         187   0.0484023   0.0490574 0.000169107
         188   0.0479282   0.0490514 0.000168314
         189    0.047192   0.0490415 0.000167711
         190   0.0481978   0.0490371 0.000166887
         191    0.049723   0.0490407 0.000166052
         192   0.0473416   0.0490318 0.000165422
         193   0.0481098   0.0490271 0.000164634
         194   0.0515258   0.0490399 0.000164289
         195   0.0465068    0.049027 0.000163959
         196   0.0474043   0.0490187 0.000163331
         197   0.0468004   0.0490074  0.00016289
         198   0.0446218   0.0489853 0.000163566
         199   0.0505797   0.0489933  0.00016294
         200   0.0502165   0.0489994  0.00016224
