   0.0323165           0           0
   0.0969496           0           0
    0.161583           0           0
    0.226216           0           0
    0.290849           0           0
    0.355482           0           0
    0.420115           0           0
    0.484748           0           0
    0.549381           0           0
    0.614014           0           0
    0.678647           0           0
     0.74328           0           0
    0.807913           0           0
    0.872546 0.000149671 0.000105303
    0.937179   0.0744094  0.00295792
     1.00181    0.527158  0.00829207
     1.06645     1.03765   0.0125053
     1.13108     1.15108   0.0133258
     1.19571     1.03768   0.0115384
     1.26034    0.911833  0.00972472
     1.32498    0.799675  0.00886037
     1.38961    0.733375   0.0066196
     1.45424    0.674523  0.00637934
     1.51888    0.622423  0.00579286
     1.58351    0.591272  0.00540496
     1.64814    0.562388  0.00518205
     1.71278    0.549309  0.00477158
     1.77741    0.542708  0.00444468
     1.84204    0.540452  0.00431261
     1.90667     0.52963  0.00433329
     1.97131    0.531817  0.00401194
     2.03594    0.526392  0.00380596
     2.10057    0.526341   0.0036438
     2.16521    0.526598  0.00385188
     2.22984    0.525757  0.00351539
     2.29447    0.519985  0.00371057
     2.35911    0.514682   0.0028992
     2.42374     0.51598  0.00324575
     2.48837    0.510264  0.00329705
     2.55301    0.508315  0.00338127
     2.61764    0.505044  0.00305277
     2.68227    0.507008  0.00278968
      2.7469     0.51021  0.00283125
     2.81154    0.506881  0.00261641
     2.87617    0.500996  0.00250728
      2.9408    0.499497  0.00260542
     3.00544    0.500855  0.00235938
     3.07007    0.497617   0.0021625
      3.1347    0.495622  0.00231773
     3.19934    0.501203  0.00217025
     3.26397    0.501352  0.00240931
      3.3286    0.498637  0.00217959
     3.39323    0.497669  0.00221392
     3.45787    0.498284  0.00199913
      3.5225    0.496111  0.00218556
     3.58713    0.497332  0.00209754
     3.65177    0.494856  0.00189706
      3.7164    0.495581  0.00184477
     3.78103    0.495445  0.00200213
     3.84567    0.494695  0.00187747
      3.9103    0.492766  0.00185106
     3.97493    0.495259  0.00190143
     4.03957    0.494572  0.00169546
      4.1042    0.496109  0.00159112
     4.16883     0.49667  0.00170076
     4.23346    0.493242   0.0016853
      4.2981    0.494014  0.00175178
     4.36273    0.496259  0.00159695
     4.42736    0.494426   0.0016973
       4.492    0.492984  0.00162325
     4.55663    0.494447  0.00161127
     4.62126    0.491467  0.00152889
      4.6859    0.493594  0.00167958
     4.75053    0.493899  0.00149432
     4.81516    0.495057  0.00148956
     4.87979    0.495566  0.00151094
     4.94443     0.49508  0.00146436
     5.00906    0.492959  0.00131255
     5.07369    0.492342  0.00137539
     5.13833      0.4933  0.00140958
     5.20296    0.494472  0.00131644
     5.26759    0.490317  0.00134469
     5.33223     0.49354  0.00130011
     5.39686    0.492104  0.00131538
     5.46149     0.49266   0.0012839
     5.52612    0.495068  0.00132426
     5.59076    0.491445   0.0012067
     5.65539    0.491953  0.00124575
     5.72002    0.492296  0.00123949
     5.78466    0.490722  0.00119616
     5.84929    0.492299  0.00121218
     5.91392    0.492093   0.0011285
     5.97856    0.494536  0.00116328
     6.04319    0.493537  0.00112706
     6.10782    0.494917  0.00111128
     6.17246    0.494207  0.00127845
     6.23709    0.492341  0.00117249
     6.30172    0.492601  0.00113503
     6.36635    0.493689  0.00106429
     6.43099    0.493188  0.00109614
